origin,destination.ziekenhuis_naam,destination.volledig_adres,destination.ziekenhuis,destination.geom,id,rank,section,departure,arrival,type,mode,distance,duration,duration_base,consumption,tolls
52074D01-,CHU CHARLEROI - CHIMAY,"CHAUSSE DE BRUXELLES 140, 6042, LODELINSART","CHU CHARLEROI - CHIMAY -- CHAUSSE DE BRUXELLES 140, 6042, LODELINSART","c(4.44028293511958, 50.431294860782)",1,1,1,2025-10-11T08:00:00Z,2025-10-11T08:19:13Z,vehicle,car,14705,1153,1102,6.6878,0
52074D022,CHU CHARLEROI - CHIMAY,"CHAUSSE DE BRUXELLES 140, 6042, LODELINSART","CHU CHARLEROI - CHIMAY -- CHAUSSE DE BRUXELLES 140, 6042, LODELINSART","c(4.44028293511958, 50.431294860782)",1,1,1,2025-10-11T08:00:00Z,2025-10-11T08:19:50Z,vehicle,car,16539,1190,1143,7.0884,0
52074D081,CHU CHARLEROI - CHIMAY,"CHAUSSE DE BRUXELLES 140, 6042, LODELINSART","CHU CHARLEROI - CHIMAY -- CHAUSSE DE BRUXELLES 140, 6042, LODELINSART","c(4.44028293511958, 50.431294860782)",1,1,1,2025-10-11T08:00:00Z,2025-10-11T08:19:37Z,vehicle,car,14977,1177,1124,6.7526,0
52074D09-,CHU CHARLEROI - CHIMAY,"CHAUSSE DE BRUXELLES 140, 6042, LODELINSART","CHU CHARLEROI - CHIMAY -- CHAUSSE DE BRUXELLES 140, 6042, LODELINSART","c(4.44028293511958, 50.431294860782)",1,1,1,2025-10-11T08:00:00Z,2025-10-11T08:15:58Z,vehicle,car,15016,958,927,6.3559,0
52074D110,CHU CHARLEROI - CHIMAY,"CHAUSSE DE BRUXELLES 140, 6042, LODELINSART","CHU CHARLEROI - CHIMAY -- CHAUSSE DE BRUXELLES 140, 6042, LODELINSART","c(4.44028293511958, 50.431294860782)",1,1,1,2025-10-11T08:00:00Z,2025-10-11T08:22:12Z,vehicle,car,12359,1332,1174,5.9923,0
52074D283,CHU CHARLEROI - CHIMAY,"CHAUSSE DE BRUXELLES 140, 6042, LODELINSART","CHU CHARLEROI - CHIMAY -- CHAUSSE DE BRUXELLES 140, 6042, LODELINSART","c(4.44028293511958, 50.431294860782)",1,1,1,2025-10-11T08:00:00Z,2025-10-11T08:18:03Z,vehicle,car,15901,1083,1042,6.7592,0
56001A00-,CHU CHARLEROI - CHIMAY,"CHAUSSE DE BRUXELLES 140, 6042, LODELINSART","CHU CHARLEROI - CHIMAY -- CHAUSSE DE BRUXELLES 140, 6042, LODELINSART","c(4.44028293511958, 50.431294860782)",1,1,1,2025-10-11T08:00:00Z,2025-10-11T08:21:28Z,vehicle,car,17633,1288,1181,7.3587,0
56001A01-,CHU CHARLEROI - CHIMAY,"CHAUSSE DE BRUXELLES 140, 6042, LODELINSART","CHU CHARLEROI - CHIMAY -- CHAUSSE DE BRUXELLES 140, 6042, LODELINSART","c(4.44028293511958, 50.431294860782)",1,1,1,2025-10-11T08:00:00Z,2025-10-11T08:19:55Z,vehicle,car,16827,1195,1092,6.9391,0
56001A03-,CHU CHARLEROI - CHIMAY,"CHAUSSE DE BRUXELLES 140, 6042, LODELINSART","CHU CHARLEROI - CHIMAY -- CHAUSSE DE BRUXELLES 140, 6042, LODELINSART","c(4.44028293511958, 50.431294860782)",1,1,1,2025-10-11T08:00:00Z,2025-10-11T08:22:58Z,vehicle,car,18390,1378,1264,7.8317,0
56001A04-,CHU CHARLEROI - CHIMAY,"CHAUSSE DE BRUXELLES 140, 6042, LODELINSART","CHU CHARLEROI - CHIMAY -- CHAUSSE DE BRUXELLES 140, 6042, LODELINSART","c(4.44028293511958, 50.431294860782)",1,1,1,2025-10-11T08:00:00Z,2025-10-11T08:24:16Z,vehicle,car,19283,1456,1331,8.2381,0
56001A052,CHU CHARLEROI - CHIMAY,"CHAUSSE DE BRUXELLES 140, 6042, LODELINSART","CHU CHARLEROI - CHIMAY -- CHAUSSE DE BRUXELLES 140, 6042, LODELINSART","c(4.44028293511958, 50.431294860782)",1,1,1,2025-10-11T08:00:00Z,2025-10-11T08:20:40Z,vehicle,car,18030,1240,1142,7.41,0
56001A091,CHU CHARLEROI - CHIMAY,"CHAUSSE DE BRUXELLES 140, 6042, LODELINSART","CHU CHARLEROI - CHIMAY -- CHAUSSE DE BRUXELLES 140, 6042, LODELINSART","c(4.44028293511958, 50.431294860782)",1,1,1,2025-10-11T08:00:00Z,2025-10-11T08:24:36Z,vehicle,car,19686,1476,1373,8.341,0
56001A0AJ,CHU CHARLEROI - CHIMAY,"CHAUSSE DE BRUXELLES 140, 6042, LODELINSART","CHU CHARLEROI - CHIMAY -- CHAUSSE DE BRUXELLES 140, 6042, LODELINSART","c(4.44028293511958, 50.431294860782)",1,1,1,2025-10-11T08:00:00Z,2025-10-11T08:22:21Z,vehicle,car,18698,1341,1214,7.9105,0
56001A10-,CHU CHARLEROI - CHIMAY,"CHAUSSE DE BRUXELLES 140, 6042, LODELINSART","CHU CHARLEROI - CHIMAY -- CHAUSSE DE BRUXELLES 140, 6042, LODELINSART","c(4.44028293511958, 50.431294860782)",1,1,1,2025-10-11T08:00:00Z,2025-10-11T08:19:57Z,vehicle,car,16948,1197,1092,6.957,0
56001A111,CHU CHARLEROI - CHIMAY,"CHAUSSE DE BRUXELLES 140, 6042, LODELINSART","CHU CHARLEROI - CHIMAY -- CHAUSSE DE BRUXELLES 140, 6042, LODELINSART","c(4.44028293511958, 50.431294860782)",1,1,1,2025-10-11T08:00:00Z,2025-10-11T08:19:54Z,vehicle,car,16711,1194,1091,6.8839,0
56001A12-,CHU CHARLEROI - CHIMAY,"CHAUSSE DE BRUXELLES 140, 6042, LODELINSART","CHU CHARLEROI - CHIMAY -- CHAUSSE DE BRUXELLES 140, 6042, LODELINSART","c(4.44028293511958, 50.431294860782)",1,1,1,2025-10-11T08:00:00Z,2025-10-11T08:20:27Z,vehicle,car,16543,1227,1125,6.887,0
56001A132,CHU CHARLEROI - CHIMAY,"CHAUSSE DE BRUXELLES 140, 6042, LODELINSART","CHU CHARLEROI - CHIMAY -- CHAUSSE DE BRUXELLES 140, 6042, LODELINSART","c(4.44028293511958, 50.431294860782)",1,1,1,2025-10-11T08:00:00Z,2025-10-11T08:18:26Z,vehicle,car,15729,1106,1017,6.4922,0
56001A19-,CHU CHARLEROI - CHIMAY,"CHAUSSE DE BRUXELLES 140, 6042, LODELINSART","CHU CHARLEROI - CHIMAY -- CHAUSSE DE BRUXELLES 140, 6042, LODELINSART","c(4.44028293511958, 50.431294860782)",1,1,1,2025-10-11T08:00:00Z,2025-10-11T08:21:58Z,vehicle,car,17975,1318,1204,7.4141,0
56001A21-,CHU CHARLEROI - CHIMAY,"CHAUSSE DE BRUXELLES 140, 6042, LODELINSART","CHU CHARLEROI - CHIMAY -- CHAUSSE DE BRUXELLES 140, 6042, LODELINSART","c(4.44028293511958, 50.431294860782)",1,1,1,2025-10-11T08:00:00Z,2025-10-11T08:23:27Z,vehicle,car,19924,1407,1272,8.1809,0
56001A300,CHU CHARLEROI - CHIMAY,"CHAUSSE DE BRUXELLES 140, 6042, LODELINSART","CHU CHARLEROI - CHIMAY -- CHAUSSE DE BRUXELLES 140, 6042, LODELINSART","c(4.44028293511958, 50.431294860782)",1,1,1,2025-10-11T08:00:00Z,2025-10-11T08:21:46Z,vehicle,car,18416,1306,1205,7.663,0
56001A390,CHU CHARLEROI - CHIMAY,"CHAUSSE DE BRUXELLES 140, 6042, LODELINSART","CHU CHARLEROI - CHIMAY -- CHAUSSE DE BRUXELLES 140, 6042, LODELINSART","c(4.44028293511958, 50.431294860782)",1,1,1,2025-10-11T08:00:00Z,2025-10-11T08:19:36Z,vehicle,car,25773,1176,1152,9.6105,0
56001A411,CHU CHARLEROI - CHIMAY,"CHAUSSE DE BRUXELLES 140, 6042, LODELINSART","CHU CHARLEROI - CHIMAY -- CHAUSSE DE BRUXELLES 140, 6042, LODELINSART","c(4.44028293511958, 50.431294860782)",1,1,1,2025-10-11T08:00:00Z,2025-10-11T08:20:16Z,vehicle,car,17248,1216,1109,7.0494,0
56001A422,CHU CHARLEROI - CHIMAY,"CHAUSSE DE BRUXELLES 140, 6042, LODELINSART","CHU CHARLEROI - CHIMAY -- CHAUSSE DE BRUXELLES 140, 6042, LODELINSART","c(4.44028293511958, 50.431294860782)",1,1,1,2025-10-11T08:00:00Z,2025-10-11T08:22:16Z,vehicle,car,18280,1336,1217,7.5377,0
56005G00-,CHU CHARLEROI - CHIMAY,"CHAUSSE DE BRUXELLES 140, 6042, LODELINSART","CHU CHARLEROI - CHIMAY -- CHAUSSE DE BRUXELLES 140, 6042, LODELINSART","c(4.44028293511958, 50.431294860782)",1,1,1,2025-10-11T08:00:00Z,2025-10-11T08:32:53Z,vehicle,car,30822,1973,1829,11.6458,0
56005G01-,CHU CHARLEROI - CHIMAY,"CHAUSSE DE BRUXELLES 140, 6042, LODELINSART","CHU CHARLEROI - CHIMAY -- CHAUSSE DE BRUXELLES 140, 6042, LODELINSART","c(4.44028293511958, 50.431294860782)",1,1,1,2025-10-11T08:00:00Z,2025-10-11T08:32:45Z,vehicle,car,29379,1965,1843,11.1375,0
56005G089,CHU CHARLEROI - CHIMAY,"CHAUSSE DE BRUXELLES 140, 6042, LODELINSART","CHU CHARLEROI - CHIMAY -- CHAUSSE DE BRUXELLES 140, 6042, LODELINSART","c(4.44028293511958, 50.431294860782)",1,1,1,2025-10-11T08:00:00Z,2025-10-11T08:30:33Z,vehicle,car,28196,1833,1716,10.4538,0
56005H00-,CHU CHARLEROI - CHIMAY,"CHAUSSE DE BRUXELLES 140, 6042, LODELINSART","CHU CHARLEROI - CHIMAY -- CHAUSSE DE BRUXELLES 140, 6042, LODELINSART","c(4.44028293511958, 50.431294860782)",1,1,1,2025-10-11T08:00:00Z,2025-10-11T08:27:41Z,vehicle,car,24880,1661,1557,9.6361,0
56005H01-,CHU CHARLEROI - CHIMAY,"CHAUSSE DE BRUXELLES 140, 6042, LODELINSART","CHU CHARLEROI - CHIMAY -- CHAUSSE DE BRUXELLES 140, 6042, LODELINSART","c(4.44028293511958, 50.431294860782)",1,1,1,2025-10-11T08:00:00Z,2025-10-11T08:28:27Z,vehicle,car,25765,1707,1591,9.9215,0
56005H022,CHU CHARLEROI - CHIMAY,"CHAUSSE DE BRUXELLES 140, 6042, LODELINSART","CHU CHARLEROI - CHIMAY -- CHAUSSE DE BRUXELLES 140, 6042, LODELINSART","c(4.44028293511958, 50.431294860782)",1,1,1,2025-10-11T08:00:00Z,2025-10-11T08:26:54Z,vehicle,car,24363,1614,1518,9.3559,0
56005H091,CHU CHARLEROI - CHIMAY,"CHAUSSE DE BRUXELLES 140, 6042, LODELINSART","CHU CHARLEROI - CHIMAY -- CHAUSSE DE BRUXELLES 140, 6042, LODELINSART","c(4.44028293511958, 50.431294860782)",1,1,1,2025-10-11T08:00:00Z,2025-10-11T08:27:34Z,vehicle,car,24787,1654,1553,9.4918,0
56005H11-,CHU CHARLEROI - CHIMAY,"CHAUSSE DE BRUXELLES 140, 6042, LODELINSART","CHU CHARLEROI - CHIMAY -- CHAUSSE DE BRUXELLES 140, 6042, LODELINSART","c(4.44028293511958, 50.431294860782)",1,1,1,2025-10-11T08:00:00Z,2025-10-11T08:30:01Z,vehicle,car,26786,1801,1688,10.1442,0
56005H112,CHU CHARLEROI - CHIMAY,"CHAUSSE DE BRUXELLES 140, 6042, LODELINSART","CHU CHARLEROI - CHIMAY -- CHAUSSE DE BRUXELLES 140, 6042, LODELINSART","c(4.44028293511958, 50.431294860782)",1,1,1,2025-10-11T08:00:00Z,2025-10-11T08:30:08Z,vehicle,car,26293,1808,1703,10.0928,0
56005H183,CHU CHARLEROI - CHIMAY,"CHAUSSE DE BRUXELLES 140, 6042, LODELINSART","CHU CHARLEROI - CHIMAY -- CHAUSSE DE BRUXELLES 140, 6042, LODELINSART","c(4.44028293511958, 50.431294860782)",1,1,1,2025-10-11T08:00:00Z,2025-10-11T08:30:13Z,vehicle,car,27067,1813,1703,10.254,0
56005H191,CHU CHARLEROI - CHIMAY,"CHAUSSE DE BRUXELLES 140, 6042, LODELINSART","CHU CHARLEROI - CHIMAY -- CHAUSSE DE BRUXELLES 140, 6042, LODELINSART","c(4.44028293511958, 50.431294860782)",1,1,1,2025-10-11T08:00:00Z,2025-10-11T08:30:29Z,vehicle,car,26776,1829,1726,10.1465,0
56011B080,CHU CHARLEROI - CHIMAY,"CHAUSSE DE BRUXELLES 140, 6042, LODELINSART","CHU CHARLEROI - CHIMAY -- CHAUSSE DE BRUXELLES 140, 6042, LODELINSART","c(4.44028293511958, 50.431294860782)",1,1,1,2025-10-11T08:00:00Z,2025-10-11T08:30:04Z,vehicle,car,23929,1804,1629,10.6838,0
56011C00-,CHU CHARLEROI - CHIMAY,"CHAUSSE DE BRUXELLES 140, 6042, LODELINSART","CHU CHARLEROI - CHIMAY -- CHAUSSE DE BRUXELLES 140, 6042, LODELINSART","c(4.44028293511958, 50.431294860782)",1,1,1,2025-10-11T08:00:00Z,2025-10-11T08:26:27Z,vehicle,car,28669,1587,1522,11.8888,0
56011C02-,CHU CHARLEROI - CHIMAY,"CHAUSSE DE BRUXELLES 140, 6042, LODELINSART","CHU CHARLEROI - CHIMAY -- CHAUSSE DE BRUXELLES 140, 6042, LODELINSART","c(4.44028293511958, 50.431294860782)",1,1,1,2025-10-11T08:00:00Z,2025-10-11T08:27:45Z,vehicle,car,22465,1665,1519,9.6643,0
56011C08-,CHU CHARLEROI - CHIMAY,"CHAUSSE DE BRUXELLES 140, 6042, LODELINSART","CHU CHARLEROI - CHIMAY -- CHAUSSE DE BRUXELLES 140, 6042, LODELINSART","c(4.44028293511958, 50.431294860782)",1,1,1,2025-10-11T08:00:00Z,2025-10-11T08:25:45Z,vehicle,car,21554,1545,1401,8.9632,0
56011C101,CHU CHARLEROI - CHIMAY,"CHAUSSE DE BRUXELLES 140, 6042, LODELINSART","CHU CHARLEROI - CHIMAY -- CHAUSSE DE BRUXELLES 140, 6042, LODELINSART","c(4.44028293511958, 50.431294860782)",1,1,1,2025-10-11T08:00:00Z,2025-10-11T08:26:06Z,vehicle,car,21854,1566,1410,9.4185,0
56011C11-,CHU CHARLEROI - CHIMAY,"CHAUSSE DE BRUXELLES 140, 6042, LODELINSART","CHU CHARLEROI - CHIMAY -- CHAUSSE DE BRUXELLES 140, 6042, LODELINSART","c(4.44028293511958, 50.431294860782)",1,1,1,2025-10-11T08:00:00Z,2025-10-11T08:28:22Z,vehicle,car,22915,1702,1527,10.002,0
56011C120,CHU CHARLEROI - CHIMAY,"CHAUSSE DE BRUXELLES 140, 6042, LODELINSART","CHU CHARLEROI - CHIMAY -- CHAUSSE DE BRUXELLES 140, 6042, LODELINSART","c(4.44028293511958, 50.431294860782)",1,1,1,2025-10-11T08:00:00Z,2025-10-11T08:26:02Z,vehicle,car,21315,1562,1418,9.1918,0
56011C132,CHU CHARLEROI - CHIMAY,"CHAUSSE DE BRUXELLES 140, 6042, LODELINSART","CHU CHARLEROI - CHIMAY -- CHAUSSE DE BRUXELLES 140, 6042, LODELINSART","c(4.44028293511958, 50.431294860782)",1,1,1,2025-10-11T08:00:00Z,2025-10-11T08:25:11Z,vehicle,car,21646,1511,1363,9.1905,0
56011C142,CHU CHARLEROI - CHIMAY,"CHAUSSE DE BRUXELLES 140, 6042, LODELINSART","CHU CHARLEROI - CHIMAY -- CHAUSSE DE BRUXELLES 140, 6042, LODELINSART","c(4.44028293511958, 50.431294860782)",1,1,1,2025-10-11T08:00:00Z,2025-10-11T08:24:55Z,vehicle,car,20933,1495,1353,8.6562,0
56011C181,CHU CHARLEROI - CHIMAY,"CHAUSSE DE BRUXELLES 140, 6042, LODELINSART","CHU CHARLEROI - CHIMAY -- CHAUSSE DE BRUXELLES 140, 6042, LODELINSART","c(4.44028293511958, 50.431294860782)",1,1,1,2025-10-11T08:00:00Z,2025-10-11T08:24:58Z,vehicle,car,19218,1498,1380,8.0874,0
56011C19-,CHU CHARLEROI - CHIMAY,"CHAUSSE DE BRUXELLES 140, 6042, LODELINSART","CHU CHARLEROI - CHIMAY -- CHAUSSE DE BRUXELLES 140, 6042, LODELINSART","c(4.44028293511958, 50.431294860782)",1,1,1,2025-10-11T08:00:00Z,2025-10-11T08:30:44Z,vehicle,car,24010,1844,1668,10.7798,0
56011D00-,CHU CHARLEROI - CHIMAY,"CHAUSSE DE BRUXELLES 140, 6042, LODELINSART","CHU CHARLEROI - CHIMAY -- CHAUSSE DE BRUXELLES 140, 6042, LODELINSART","c(4.44028293511958, 50.431294860782)",1,1,1,2025-10-11T08:00:00Z,2025-10-11T08:25:50Z,vehicle,car,22041,1550,1391,9.3935,0
56011D01-,CHU CHARLEROI - CHIMAY,"CHAUSSE DE BRUXELLES 140, 6042, LODELINSART","CHU CHARLEROI - CHIMAY -- CHAUSSE DE BRUXELLES 140, 6042, LODELINSART","c(4.44028293511958, 50.431294860782)",1,1,1,2025-10-11T08:00:00Z,2025-10-11T08:25:59Z,vehicle,car,22618,1559,1396,9.6294,0
56011D091,CHU CHARLEROI - CHIMAY,"CHAUSSE DE BRUXELLES 140, 6042, LODELINSART","CHU CHARLEROI - CHIMAY -- CHAUSSE DE BRUXELLES 140, 6042, LODELINSART","c(4.44028293511958, 50.431294860782)",1,1,1,2025-10-11T08:00:00Z,2025-10-11T08:28:00Z,vehicle,car,23047,1680,1509,9.965,0
56011D19-,CHU CHARLEROI - CHIMAY,"CHAUSSE DE BRUXELLES 140, 6042, LODELINSART","CHU CHARLEROI - CHIMAY -- CHAUSSE DE BRUXELLES 140, 6042, LODELINSART","c(4.44028293511958, 50.431294860782)",1,1,1,2025-10-11T08:00:00Z,2025-10-11T08:25:26Z,vehicle,car,21194,1526,1383,8.9317,0
56011E00-,CHU CHARLEROI - CHIMAY,"CHAUSSE DE BRUXELLES 140, 6042, LODELINSART","CHU CHARLEROI - CHIMAY -- CHAUSSE DE BRUXELLES 140, 6042, LODELINSART","c(4.44028293511958, 50.431294860782)",1,1,1,2025-10-11T08:00:00Z,2025-10-11T08:25:52Z,vehicle,car,21632,1552,1400,9.0905,0
56011E01-,CHU CHARLEROI - CHIMAY,"CHAUSSE DE BRUXELLES 140, 6042, LODELINSART","CHU CHARLEROI - CHIMAY -- CHAUSSE DE BRUXELLES 140, 6042, LODELINSART","c(4.44028293511958, 50.431294860782)",1,1,1,2025-10-11T08:00:00Z,2025-10-11T08:27:46Z,vehicle,car,22556,1666,1502,9.607,0
56011E091,CHU CHARLEROI - CHIMAY,"CHAUSSE DE BRUXELLES 140, 6042, LODELINSART","CHU CHARLEROI - CHIMAY -- CHAUSSE DE BRUXELLES 140, 6042, LODELINSART","c(4.44028293511958, 50.431294860782)",1,1,1,2025-10-11T08:00:00Z,2025-10-11T08:23:57Z,vehicle,car,20306,1437,1303,8.306,0
56011E292,CHU CHARLEROI - CHIMAY,"CHAUSSE DE BRUXELLES 140, 6042, LODELINSART","CHU CHARLEROI - CHIMAY -- CHAUSSE DE BRUXELLES 140, 6042, LODELINSART","c(4.44028293511958, 50.431294860782)",1,1,1,2025-10-11T08:00:00Z,2025-10-11T08:31:54Z,vehicle,car,26105,1914,1734,10.9232,0
56044A032,CHU CHARLEROI - CHIMAY,"CHAUSSE DE BRUXELLES 140, 6042, LODELINSART","CHU CHARLEROI - CHIMAY -- CHAUSSE DE BRUXELLES 140, 6042, LODELINSART","c(4.44028293511958, 50.431294860782)",1,1,1,2025-10-11T08:00:00Z,2025-10-11T08:20:51Z,vehicle,car,17832,1251,1141,7.233,0
56044A09-,CHU CHARLEROI - CHIMAY,"CHAUSSE DE BRUXELLES 140, 6042, LODELINSART","CHU CHARLEROI - CHIMAY -- CHAUSSE DE BRUXELLES 140, 6042, LODELINSART","c(4.44028293511958, 50.431294860782)",1,1,1,2025-10-11T08:00:00Z,2025-10-11T08:23:08Z,vehicle,car,18738,1388,1275,7.8722,0
56044A100,CHU CHARLEROI - CHIMAY,"CHAUSSE DE BRUXELLES 140, 6042, LODELINSART","CHU CHARLEROI - CHIMAY -- CHAUSSE DE BRUXELLES 140, 6042, LODELINSART","c(4.44028293511958, 50.431294860782)",1,1,1,2025-10-11T08:00:00Z,2025-10-11T08:19:17Z,vehicle,car,16677,1157,1059,6.7611,0
56044B00-,CHU CHARLEROI - CHIMAY,"CHAUSSE DE BRUXELLES 140, 6042, LODELINSART","CHU CHARLEROI - CHIMAY -- CHAUSSE DE BRUXELLES 140, 6042, LODELINSART","c(4.44028293511958, 50.431294860782)",1,1,1,2025-10-11T08:00:00Z,2025-10-11T08:31:36Z,vehicle,car,25920,1896,1725,10.9205,0
56044B01-,CHU CHARLEROI - CHIMAY,"CHAUSSE DE BRUXELLES 140, 6042, LODELINSART","CHU CHARLEROI - CHIMAY -- CHAUSSE DE BRUXELLES 140, 6042, LODELINSART","c(4.44028293511958, 50.431294860782)",1,1,1,2025-10-11T08:00:00Z,2025-10-11T08:31:05Z,vehicle,car,25283,1865,1684,10.6173,0
56044B02-,CHU CHARLEROI - CHIMAY,"CHAUSSE DE BRUXELLES 140, 6042, LODELINSART","CHU CHARLEROI - CHIMAY -- CHAUSSE DE BRUXELLES 140, 6042, LODELINSART","c(4.44028293511958, 50.431294860782)",1,1,1,2025-10-11T08:00:00Z,2025-10-11T08:29:42Z,vehicle,car,24372,1782,1617,10.2655,0
56044B0PP,CHU CHARLEROI - CHIMAY,"CHAUSSE DE BRUXELLES 140, 6042, LODELINSART","CHU CHARLEROI - CHIMAY -- CHAUSSE DE BRUXELLES 140, 6042, LODELINSART","c(4.44028293511958, 50.431294860782)",1,1,1,2025-10-11T08:00:00Z,2025-10-11T08:32:58Z,vehicle,car,25973,1978,1795,11.0637,0
56044C00-,CHU CHARLEROI - CHIMAY,"CHAUSSE DE BRUXELLES 140, 6042, LODELINSART","CHU CHARLEROI - CHIMAY -- CHAUSSE DE BRUXELLES 140, 6042, LODELINSART","c(4.44028293511958, 50.431294860782)",1,1,1,2025-10-11T08:00:00Z,2025-10-11T08:30:02Z,vehicle,car,24492,1802,1638,10.3545,0
56044C099,CHU CHARLEROI - CHIMAY,"CHAUSSE DE BRUXELLES 140, 6042, LODELINSART","CHU CHARLEROI - CHIMAY -- CHAUSSE DE BRUXELLES 140, 6042, LODELINSART","c(4.44028293511958, 50.431294860782)",1,1,1,2025-10-11T08:00:00Z,2025-10-11T08:29:34Z,vehicle,car,24291,1774,1613,10.2651,0
56044D000,CHU CHARLEROI - CHIMAY,"CHAUSSE DE BRUXELLES 140, 6042, LODELINSART","CHU CHARLEROI - CHIMAY -- CHAUSSE DE BRUXELLES 140, 6042, LODELINSART","c(4.44028293511958, 50.431294860782)",1,1,1,2025-10-11T08:00:00Z,2025-10-11T08:24:58Z,vehicle,car,20076,1498,1378,8.241,0
56044D090,CHU CHARLEROI - CHIMAY,"CHAUSSE DE BRUXELLES 140, 6042, LODELINSART","CHU CHARLEROI - CHIMAY -- CHAUSSE DE BRUXELLES 140, 6042, LODELINSART","c(4.44028293511958, 50.431294860782)",1,1,1,2025-10-11T08:00:00Z,2025-10-11T08:25:01Z,vehicle,car,20370,1501,1377,8.2956,0
56044D110,CHU CHARLEROI - CHIMAY,"CHAUSSE DE BRUXELLES 140, 6042, LODELINSART","CHU CHARLEROI - CHIMAY -- CHAUSSE DE BRUXELLES 140, 6042, LODELINSART","c(4.44028293511958, 50.431294860782)",1,1,1,2025-10-11T08:00:00Z,2025-10-11T08:17:40Z,vehicle,car,15839,1060,969,6.4018,0
56044D190,CHU CHARLEROI - CHIMAY,"CHAUSSE DE BRUXELLES 140, 6042, LODELINSART","CHU CHARLEROI - CHIMAY -- CHAUSSE DE BRUXELLES 140, 6042, LODELINSART","c(4.44028293511958, 50.431294860782)",1,1,1,2025-10-11T08:00:00Z,2025-10-11T08:18:50Z,vehicle,car,15787,1130,1040,6.5589,0
56049C091,CHU CHARLEROI - CHIMAY,"CHAUSSE DE BRUXELLES 140, 6042, LODELINSART","CHU CHARLEROI - CHIMAY -- CHAUSSE DE BRUXELLES 140, 6042, LODELINSART","c(4.44028293511958, 50.431294860782)",1,1,1,2025-10-11T08:00:00Z,2025-10-11T08:34:38Z,vehicle,car,27440,2078,1877,11.5384,0
56078A00-,CHU CHARLEROI - CHIMAY,"CHAUSSE DE BRUXELLES 140, 6042, LODELINSART","CHU CHARLEROI - CHIMAY -- CHAUSSE DE BRUXELLES 140, 6042, LODELINSART","c(4.44028293511958, 50.431294860782)",1,1,1,2025-10-11T08:00:00Z,2025-10-11T08:25:30Z,vehicle,car,21461,1530,1400,9.0408,0
56078A01-,CHU CHARLEROI - CHIMAY,"CHAUSSE DE BRUXELLES 140, 6042, LODELINSART","CHU CHARLEROI - CHIMAY -- CHAUSSE DE BRUXELLES 140, 6042, LODELINSART","c(4.44028293511958, 50.431294860782)",1,1,1,2025-10-11T08:00:00Z,2025-10-11T08:24:32Z,vehicle,car,21050,1472,1371,8.2365,0
56078A02-,CHU CHARLEROI - CHIMAY,"CHAUSSE DE BRUXELLES 140, 6042, LODELINSART","CHU CHARLEROI - CHIMAY -- CHAUSSE DE BRUXELLES 140, 6042, LODELINSART","c(4.44028293511958, 50.431294860782)",1,1,1,2025-10-11T08:00:00Z,2025-10-11T08:27:13Z,vehicle,car,21739,1633,1473,9.5683,0
56078A03-,CHU CHARLEROI - CHIMAY,"CHAUSSE DE BRUXELLES 140, 6042, LODELINSART","CHU CHARLEROI - CHIMAY -- CHAUSSE DE BRUXELLES 140, 6042, LODELINSART","c(4.44028293511958, 50.431294860782)",1,1,1,2025-10-11T08:00:00Z,2025-10-11T08:23:20Z,vehicle,car,20258,1400,1281,8.5825,0
56078A043,CHU CHARLEROI - CHIMAY,"CHAUSSE DE BRUXELLES 140, 6042, LODELINSART","CHU CHARLEROI - CHIMAY -- CHAUSSE DE BRUXELLES 140, 6042, LODELINSART","c(4.44028293511958, 50.431294860782)",1,1,1,2025-10-11T08:00:00Z,2025-10-11T08:25:46Z,vehicle,car,21166,1546,1447,8.3894,0
56078A081,CHU CHARLEROI - CHIMAY,"CHAUSSE DE BRUXELLES 140, 6042, LODELINSART","CHU CHARLEROI - CHIMAY -- CHAUSSE DE BRUXELLES 140, 6042, LODELINSART","c(4.44028293511958, 50.431294860782)",1,1,1,2025-10-11T08:00:00Z,2025-10-11T08:23:12Z,vehicle,car,19970,1392,1299,7.7266,0
56078A092,CHU CHARLEROI - CHIMAY,"CHAUSSE DE BRUXELLES 140, 6042, LODELINSART","CHU CHARLEROI - CHIMAY -- CHAUSSE DE BRUXELLES 140, 6042, LODELINSART","c(4.44028293511958, 50.431294860782)",1,1,1,2025-10-11T08:00:00Z,2025-10-11T08:24:57Z,vehicle,car,20822,1497,1378,8.6387,0
56078A222,CHU CHARLEROI - CHIMAY,"CHAUSSE DE BRUXELLES 140, 6042, LODELINSART","CHU CHARLEROI - CHIMAY -- CHAUSSE DE BRUXELLES 140, 6042, LODELINSART","c(4.44028293511958, 50.431294860782)",1,1,1,2025-10-11T08:00:00Z,2025-10-11T08:26:09Z,vehicle,car,21139,1569,1433,9.0367,0
56078A291,CHU CHARLEROI - CHIMAY,"CHAUSSE DE BRUXELLES 140, 6042, LODELINSART","CHU CHARLEROI - CHIMAY -- CHAUSSE DE BRUXELLES 140, 6042, LODELINSART","c(4.44028293511958, 50.431294860782)",1,1,1,2025-10-11T08:00:00Z,2025-10-11T08:28:35Z,vehicle,car,22447,1715,1575,9.6553,0
56078B00-,CHU CHARLEROI - CHIMAY,"CHAUSSE DE BRUXELLES 140, 6042, LODELINSART","CHU CHARLEROI - CHIMAY -- CHAUSSE DE BRUXELLES 140, 6042, LODELINSART","c(4.44028293511958, 50.431294860782)",1,1,1,2025-10-11T08:00:00Z,2025-10-11T08:21:16Z,vehicle,car,17159,1276,1201,6.8656,0
56078B010,CHU CHARLEROI - CHIMAY,"CHAUSSE DE BRUXELLES 140, 6042, LODELINSART","CHU CHARLEROI - CHIMAY -- CHAUSSE DE BRUXELLES 140, 6042, LODELINSART","c(4.44028293511958, 50.431294860782)",1,1,1,2025-10-11T08:00:00Z,2025-10-11T08:19:22Z,vehicle,car,16592,1162,1099,6.5029,0
56078B08-,CHU CHARLEROI - CHIMAY,"CHAUSSE DE BRUXELLES 140, 6042, LODELINSART","CHU CHARLEROI - CHIMAY -- CHAUSSE DE BRUXELLES 140, 6042, LODELINSART","c(4.44028293511958, 50.431294860782)",1,1,1,2025-10-11T08:00:00Z,2025-10-11T08:21:02Z,vehicle,car,17860,1262,1184,6.9989,0
56078B091,CHU CHARLEROI - CHIMAY,"CHAUSSE DE BRUXELLES 140, 6042, LODELINSART","CHU CHARLEROI - CHIMAY -- CHAUSSE DE BRUXELLES 140, 6042, LODELINSART","c(4.44028293511958, 50.431294860782)",1,1,1,2025-10-11T08:00:00Z,2025-10-11T08:23:39Z,vehicle,car,18092,1419,1340,7.2617,0
56078B112,CHU CHARLEROI - CHIMAY,"CHAUSSE DE BRUXELLES 140, 6042, LODELINSART","CHU CHARLEROI - CHIMAY -- CHAUSSE DE BRUXELLES 140, 6042, LODELINSART","c(4.44028293511958, 50.431294860782)",1,1,1,2025-10-11T08:00:00Z,2025-10-11T08:17:24Z,vehicle,car,15457,1044,988,6.0008,0
56078B122,CHU CHARLEROI - CHIMAY,"CHAUSSE DE BRUXELLES 140, 6042, LODELINSART","CHU CHARLEROI - CHIMAY -- CHAUSSE DE BRUXELLES 140, 6042, LODELINSART","c(4.44028293511958, 50.431294860782)",1,1,1,2025-10-11T08:00:00Z,2025-10-11T08:17:52Z,vehicle,car,15181,1072,1019,6.0472,0
56078B182,CHU CHARLEROI - CHIMAY,"CHAUSSE DE BRUXELLES 140, 6042, LODELINSART","CHU CHARLEROI - CHIMAY -- CHAUSSE DE BRUXELLES 140, 6042, LODELINSART","c(4.44028293511958, 50.431294860782)",1,1,1,2025-10-11T08:00:00Z,2025-10-11T08:19:57Z,vehicle,car,16017,1197,1141,6.3796,0
56078B191,CHU CHARLEROI - CHIMAY,"CHAUSSE DE BRUXELLES 140, 6042, LODELINSART","CHU CHARLEROI - CHIMAY -- CHAUSSE DE BRUXELLES 140, 6042, LODELINSART","c(4.44028293511958, 50.431294860782)",1,1,1,2025-10-11T08:00:00Z,2025-10-11T08:17:08Z,vehicle,car,14331,1028,976,5.5766,0
56078B291,CHU CHARLEROI - CHIMAY,"CHAUSSE DE BRUXELLES 140, 6042, LODELINSART","CHU CHARLEROI - CHIMAY -- CHAUSSE DE BRUXELLES 140, 6042, LODELINSART","c(4.44028293511958, 50.431294860782)",1,1,1,2025-10-11T08:00:00Z,2025-10-11T08:23:13Z,vehicle,car,17794,1393,1306,8.0194,0
56078C000,CHU CHARLEROI - CHIMAY,"CHAUSSE DE BRUXELLES 140, 6042, LODELINSART","CHU CHARLEROI - CHIMAY -- CHAUSSE DE BRUXELLES 140, 6042, LODELINSART","c(4.44028293511958, 50.431294860782)",1,1,1,2025-10-11T08:00:00Z,2025-10-11T08:26:33Z,vehicle,car,22782,1593,1501,9.0689,0
56078C062,CHU CHARLEROI - CHIMAY,"CHAUSSE DE BRUXELLES 140, 6042, LODELINSART","CHU CHARLEROI - CHIMAY -- CHAUSSE DE BRUXELLES 140, 6042, LODELINSART","c(4.44028293511958, 50.431294860782)",1,1,1,2025-10-11T08:00:00Z,2025-10-11T08:25:13Z,vehicle,car,21584,1513,1423,8.5138,0
56078C091,CHU CHARLEROI - CHIMAY,"CHAUSSE DE BRUXELLES 140, 6042, LODELINSART","CHU CHARLEROI - CHIMAY -- CHAUSSE DE BRUXELLES 140, 6042, LODELINSART","c(4.44028293511958, 50.431294860782)",1,1,1,2025-10-11T08:00:00Z,2025-10-11T08:26:03Z,vehicle,car,22458,1563,1472,9.0029,0
56078D001,CHU CHARLEROI - CHIMAY,"CHAUSSE DE BRUXELLES 140, 6042, LODELINSART","CHU CHARLEROI - CHIMAY -- CHAUSSE DE BRUXELLES 140, 6042, LODELINSART","c(4.44028293511958, 50.431294860782)",1,1,1,2025-10-11T08:00:00Z,2025-10-11T08:26:06Z,vehicle,car,22726,1566,1465,9.0214,0
56078D01-,CHU CHARLEROI - CHIMAY,"CHAUSSE DE BRUXELLES 140, 6042, LODELINSART","CHU CHARLEROI - CHIMAY -- CHAUSSE DE BRUXELLES 140, 6042, LODELINSART","c(4.44028293511958, 50.431294860782)",1,1,1,2025-10-11T08:00:00Z,2025-10-11T08:27:16Z,vehicle,car,22894,1636,1529,9.1719,0
56078D022,CHU CHARLEROI - CHIMAY,"CHAUSSE DE BRUXELLES 140, 6042, LODELINSART","CHU CHARLEROI - CHIMAY -- CHAUSSE DE BRUXELLES 140, 6042, LODELINSART","c(4.44028293511958, 50.431294860782)",1,1,1,2025-10-11T08:00:00Z,2025-10-11T08:24:37Z,vehicle,car,21457,1477,1385,8.5129,0
56078D080,CHU CHARLEROI - CHIMAY,"CHAUSSE DE BRUXELLES 140, 6042, LODELINSART","CHU CHARLEROI - CHIMAY -- CHAUSSE DE BRUXELLES 140, 6042, LODELINSART","c(4.44028293511958, 50.431294860782)",1,1,1,2025-10-11T08:00:00Z,2025-10-11T08:27:38Z,vehicle,car,23654,1658,1542,9.3267,0
56078D09-,CHU CHARLEROI - CHIMAY,"CHAUSSE DE BRUXELLES 140, 6042, LODELINSART","CHU CHARLEROI - CHIMAY -- CHAUSSE DE BRUXELLES 140, 6042, LODELINSART","c(4.44028293511958, 50.431294860782)",1,1,1,2025-10-11T08:00:00Z,2025-10-11T08:27:27Z,vehicle,car,23155,1647,1540,9.269,0
56078D10-,CHU CHARLEROI - CHIMAY,"CHAUSSE DE BRUXELLES 140, 6042, LODELINSART","CHU CHARLEROI - CHIMAY -- CHAUSSE DE BRUXELLES 140, 6042, LODELINSART","c(4.44028293511958, 50.431294860782)",1,1,1,2025-10-11T08:00:00Z,2025-10-11T08:24:17Z,vehicle,car,20291,1457,1373,8.1275,0
56078D19-,CHU CHARLEROI - CHIMAY,"CHAUSSE DE BRUXELLES 140, 6042, LODELINSART","CHU CHARLEROI - CHIMAY -- CHAUSSE DE BRUXELLES 140, 6042, LODELINSART","c(4.44028293511958, 50.431294860782)",1,1,1,2025-10-11T08:00:00Z,2025-10-11T08:24:41Z,vehicle,car,20573,1481,1397,8.0594,0
56078E00-,CHU CHARLEROI - CHIMAY,"CHAUSSE DE BRUXELLES 140, 6042, LODELINSART","CHU CHARLEROI - CHIMAY -- CHAUSSE DE BRUXELLES 140, 6042, LODELINSART","c(4.44028293511958, 50.431294860782)",1,1,1,2025-10-11T08:00:00Z,2025-10-11T08:27:36Z,vehicle,car,23914,1656,1554,9.4334,0
56078E09-,CHU CHARLEROI - CHIMAY,"CHAUSSE DE BRUXELLES 140, 6042, LODELINSART","CHU CHARLEROI - CHIMAY -- CHAUSSE DE BRUXELLES 140, 6042, LODELINSART","c(4.44028293511958, 50.431294860782)",1,1,1,2025-10-11T08:00:00Z,2025-10-11T08:26:31Z,vehicle,car,23390,1591,1491,9.1177,0
56078F00-,CHU CHARLEROI - CHIMAY,"CHAUSSE DE BRUXELLES 140, 6042, LODELINSART","CHU CHARLEROI - CHIMAY -- CHAUSSE DE BRUXELLES 140, 6042, LODELINSART","c(4.44028293511958, 50.431294860782)",1,1,1,2025-10-11T08:00:00Z,2025-10-11T08:29:24Z,vehicle,car,25065,1764,1635,9.8624,0
56078F09-,CHU CHARLEROI - CHIMAY,"CHAUSSE DE BRUXELLES 140, 6042, LODELINSART","CHU CHARLEROI - CHIMAY -- CHAUSSE DE BRUXELLES 140, 6042, LODELINSART","c(4.44028293511958, 50.431294860782)",1,1,1,2025-10-11T08:00:00Z,2025-10-11T08:28:15Z,vehicle,car,24305,1695,1590,9.4931,0
56078H08-,CHU CHARLEROI - CHIMAY,"CHAUSSE DE BRUXELLES 140, 6042, LODELINSART","CHU CHARLEROI - CHIMAY -- CHAUSSE DE BRUXELLES 140, 6042, LODELINSART","c(4.44028293511958, 50.431294860782)",1,1,1,2025-10-11T08:00:00Z,2025-10-11T08:29:38Z,vehicle,car,23606,1778,1632,10.0238,0
56086A03-,CHU CHARLEROI - CHIMAY,"CHAUSSE DE BRUXELLES 140, 6042, LODELINSART","CHU CHARLEROI - CHIMAY -- CHAUSSE DE BRUXELLES 140, 6042, LODELINSART","c(4.44028293511958, 50.431294860782)",1,1,1,2025-10-11T08:00:00Z,2025-10-11T08:19:59Z,vehicle,car,17570,1199,1137,6.8421,0
56086A191,CHU CHARLEROI - CHIMAY,"CHAUSSE DE BRUXELLES 140, 6042, LODELINSART","CHU CHARLEROI - CHIMAY -- CHAUSSE DE BRUXELLES 140, 6042, LODELINSART","c(4.44028293511958, 50.431294860782)",1,1,1,2025-10-11T08:00:00Z,2025-10-11T08:19:48Z,vehicle,car,15656,1188,1119,6.3246,0
56086A214,CHU CHARLEROI - CHIMAY,"CHAUSSE DE BRUXELLES 140, 6042, LODELINSART","CHU CHARLEROI - CHIMAY -- CHAUSSE DE BRUXELLES 140, 6042, LODELINSART","c(4.44028293511958, 50.431294860782)",1,1,1,2025-10-11T08:00:00Z,2025-10-11T08:16:34Z,vehicle,car,13616,994,932,5.82,0
56086B000,CHU CHARLEROI - CHIMAY,"CHAUSSE DE BRUXELLES 140, 6042, LODELINSART","CHU CHARLEROI - CHIMAY -- CHAUSSE DE BRUXELLES 140, 6042, LODELINSART","c(4.44028293511958, 50.431294860782)",1,1,1,2025-10-11T08:00:00Z,2025-10-11T08:20:51Z,vehicle,car,15076,1251,1128,6.2823,0
56086B01-,CHU CHARLEROI - CHIMAY,"CHAUSSE DE BRUXELLES 140, 6042, LODELINSART","CHU CHARLEROI - CHIMAY -- CHAUSSE DE BRUXELLES 140, 6042, LODELINSART","c(4.44028293511958, 50.431294860782)",1,1,1,2025-10-11T08:00:00Z,2025-10-11T08:22:34Z,vehicle,car,16102,1354,1218,6.8158,0
56086B020,CHU CHARLEROI - CHIMAY,"CHAUSSE DE BRUXELLES 140, 6042, LODELINSART","CHU CHARLEROI - CHIMAY -- CHAUSSE DE BRUXELLES 140, 6042, LODELINSART","c(4.44028293511958, 50.431294860782)",1,1,1,2025-10-11T08:00:00Z,2025-10-11T08:21:47Z,vehicle,car,14863,1307,1190,6.2159,0
56086B030,CHU CHARLEROI - CHIMAY,"CHAUSSE DE BRUXELLES 140, 6042, LODELINSART","CHU CHARLEROI - CHIMAY -- CHAUSSE DE BRUXELLES 140, 6042, LODELINSART","c(4.44028293511958, 50.431294860782)",1,1,1,2025-10-11T08:00:00Z,2025-10-11T08:22:45Z,vehicle,car,16279,1365,1228,6.7063,0
56086B032,CHU CHARLEROI - CHIMAY,"CHAUSSE DE BRUXELLES 140, 6042, LODELINSART","CHU CHARLEROI - CHIMAY -- CHAUSSE DE BRUXELLES 140, 6042, LODELINSART","c(4.44028293511958, 50.431294860782)",1,1,1,2025-10-11T08:00:00Z,2025-10-11T08:22:10Z,vehicle,car,15751,1330,1205,6.3318,0
56086B042,CHU CHARLEROI - CHIMAY,"CHAUSSE DE BRUXELLES 140, 6042, LODELINSART","CHU CHARLEROI - CHIMAY -- CHAUSSE DE BRUXELLES 140, 6042, LODELINSART","c(4.44028293511958, 50.431294860782)",1,1,1,2025-10-11T08:00:00Z,2025-10-11T08:23:21Z,vehicle,car,16184,1401,1268,6.8246,0
56086B053,CHU CHARLEROI - CHIMAY,"CHAUSSE DE BRUXELLES 140, 6042, LODELINSART","CHU CHARLEROI - CHIMAY -- CHAUSSE DE BRUXELLES 140, 6042, LODELINSART","c(4.44028293511958, 50.431294860782)",1,1,1,2025-10-11T08:00:00Z,2025-10-11T08:22:47Z,vehicle,car,15987,1367,1227,6.7615,0
56086B091,CHU CHARLEROI - CHIMAY,"CHAUSSE DE BRUXELLES 140, 6042, LODELINSART","CHU CHARLEROI - CHIMAY -- CHAUSSE DE BRUXELLES 140, 6042, LODELINSART","c(4.44028293511958, 50.431294860782)",1,1,1,2025-10-11T08:00:00Z,2025-10-11T08:20:09Z,vehicle,car,16955,1209,1135,6.6865,0
56086B100,CHU CHARLEROI - CHIMAY,"CHAUSSE DE BRUXELLES 140, 6042, LODELINSART","CHU CHARLEROI - CHIMAY -- CHAUSSE DE BRUXELLES 140, 6042, LODELINSART","c(4.44028293511958, 50.431294860782)",1,1,1,2025-10-11T08:00:00Z,2025-10-11T08:19:40Z,vehicle,car,12801,1180,1094,5.403,0
56086B111,CHU CHARLEROI - CHIMAY,"CHAUSSE DE BRUXELLES 140, 6042, LODELINSART","CHU CHARLEROI - CHIMAY -- CHAUSSE DE BRUXELLES 140, 6042, LODELINSART","c(4.44028293511958, 50.431294860782)",1,1,1,2025-10-11T08:00:00Z,2025-10-11T08:20:51Z,vehicle,car,13266,1251,1164,5.6443,0
56086B121,CHU CHARLEROI - CHIMAY,"CHAUSSE DE BRUXELLES 140, 6042, LODELINSART","CHU CHARLEROI - CHIMAY -- CHAUSSE DE BRUXELLES 140, 6042, LODELINSART","c(4.44028293511958, 50.431294860782)",1,1,1,2025-10-11T08:00:00Z,2025-10-11T08:20:53Z,vehicle,car,12906,1253,1170,5.5962,0
56086B132,CHU CHARLEROI - CHIMAY,"CHAUSSE DE BRUXELLES 140, 6042, LODELINSART","CHU CHARLEROI - CHIMAY -- CHAUSSE DE BRUXELLES 140, 6042, LODELINSART","c(4.44028293511958, 50.431294860782)",1,1,1,2025-10-11T08:00:00Z,2025-10-11T08:20:42Z,vehicle,car,13907,1242,1130,5.7484,0
56086B142,CHU CHARLEROI - CHIMAY,"CHAUSSE DE BRUXELLES 140, 6042, LODELINSART","CHU CHARLEROI - CHIMAY -- CHAUSSE DE BRUXELLES 140, 6042, LODELINSART","c(4.44028293511958, 50.431294860782)",1,1,1,2025-10-11T08:00:00Z,2025-10-11T08:18:35Z,vehicle,car,15178,1115,1050,5.9984,0
56086B18-,CHU CHARLEROI - CHIMAY,"CHAUSSE DE BRUXELLES 140, 6042, LODELINSART","CHU CHARLEROI - CHIMAY -- CHAUSSE DE BRUXELLES 140, 6042, LODELINSART","c(4.44028293511958, 50.431294860782)",1,1,1,2025-10-11T08:00:00Z,2025-10-11T08:18:47Z,vehicle,car,15789,1127,1059,6.1409,0
56086B19-,CHU CHARLEROI - CHIMAY,"CHAUSSE DE BRUXELLES 140, 6042, LODELINSART","CHU CHARLEROI - CHIMAY -- CHAUSSE DE BRUXELLES 140, 6042, LODELINSART","c(4.44028293511958, 50.431294860782)",1,1,1,2025-10-11T08:00:00Z,2025-10-11T08:19:51Z,vehicle,car,12728,1191,1109,5.4247,0
56086B200,CHU CHARLEROI - CHIMAY,"CHAUSSE DE BRUXELLES 140, 6042, LODELINSART","CHU CHARLEROI - CHIMAY -- CHAUSSE DE BRUXELLES 140, 6042, LODELINSART","c(4.44028293511958, 50.431294860782)",1,1,1,2025-10-11T08:00:00Z,2025-10-11T08:18:07Z,vehicle,car,12676,1087,981,5.1143,0
56086B29-,CHU CHARLEROI - CHIMAY,"CHAUSSE DE BRUXELLES 140, 6042, LODELINSART","CHU CHARLEROI - CHIMAY -- CHAUSSE DE BRUXELLES 140, 6042, LODELINSART","c(4.44028293511958, 50.431294860782)",1,1,1,2025-10-11T08:00:00Z,2025-10-11T08:18:32Z,vehicle,car,13091,1112,1001,5.2693,0
56086D000,CHU CHARLEROI - CHIMAY,"CHAUSSE DE BRUXELLES 140, 6042, LODELINSART","CHU CHARLEROI - CHIMAY -- CHAUSSE DE BRUXELLES 140, 6042, LODELINSART","c(4.44028293511958, 50.431294860782)",1,1,1,2025-10-11T08:00:00Z,2025-10-11T08:21:08Z,vehicle,car,18230,1268,1199,7.2516,0
56086D012,CHU CHARLEROI - CHIMAY,"CHAUSSE DE BRUXELLES 140, 6042, LODELINSART","CHU CHARLEROI - CHIMAY -- CHAUSSE DE BRUXELLES 140, 6042, LODELINSART","c(4.44028293511958, 50.431294860782)",1,1,1,2025-10-11T08:00:00Z,2025-10-11T08:21:35Z,vehicle,car,18161,1295,1228,7.241,0
56086D081,CHU CHARLEROI - CHIMAY,"CHAUSSE DE BRUXELLES 140, 6042, LODELINSART","CHU CHARLEROI - CHIMAY -- CHAUSSE DE BRUXELLES 140, 6042, LODELINSART","c(4.44028293511958, 50.431294860782)",1,1,1,2025-10-11T08:00:00Z,2025-10-11T08:25:25Z,vehicle,car,19792,1525,1458,8.1361,0
56086D090,CHU CHARLEROI - CHIMAY,"CHAUSSE DE BRUXELLES 140, 6042, LODELINSART","CHU CHARLEROI - CHIMAY -- CHAUSSE DE BRUXELLES 140, 6042, LODELINSART","c(4.44028293511958, 50.431294860782)",1,1,1,2025-10-11T08:00:00Z,2025-10-11T08:21:51Z,vehicle,car,18138,1311,1248,7.2007,0
56086E00-,CHU CHARLEROI - CHIMAY,"CHAUSSE DE BRUXELLES 140, 6042, LODELINSART","CHU CHARLEROI - CHIMAY -- CHAUSSE DE BRUXELLES 140, 6042, LODELINSART","c(4.44028293511958, 50.431294860782)",1,1,1,2025-10-11T08:00:00Z,2025-10-11T08:15:33Z,vehicle,car,12919,933,878,5.3568,0
56086E010,CHU CHARLEROI - CHIMAY,"CHAUSSE DE BRUXELLES 140, 6042, LODELINSART","CHU CHARLEROI - CHIMAY -- CHAUSSE DE BRUXELLES 140, 6042, LODELINSART","c(4.44028293511958, 50.431294860782)",1,1,1,2025-10-11T08:00:00Z,2025-10-11T08:16:29Z,vehicle,car,13106,989,930,5.4793,0
56086E022,CHU CHARLEROI - CHIMAY,"CHAUSSE DE BRUXELLES 140, 6042, LODELINSART","CHU CHARLEROI - CHIMAY -- CHAUSSE DE BRUXELLES 140, 6042, LODELINSART","c(4.44028293511958, 50.431294860782)",1,1,1,2025-10-11T08:00:00Z,2025-10-11T08:16:25Z,vehicle,car,13619,985,929,5.6296,0
56086E091,CHU CHARLEROI - CHIMAY,"CHAUSSE DE BRUXELLES 140, 6042, LODELINSART","CHU CHARLEROI - CHIMAY -- CHAUSSE DE BRUXELLES 140, 6042, LODELINSART","c(4.44028293511958, 50.431294860782)",1,1,1,2025-10-11T08:00:00Z,2025-10-11T08:17:21Z,vehicle,car,13678,1041,982,5.9555,0
56086E0PP,CHU CHARLEROI - CHIMAY,"CHAUSSE DE BRUXELLES 140, 6042, LODELINSART","CHU CHARLEROI - CHIMAY -- CHAUSSE DE BRUXELLES 140, 6042, LODELINSART","c(4.44028293511958, 50.431294860782)",1,1,1,2025-10-11T08:00:00Z,2025-10-11T08:19:09Z,vehicle,car,11792,1149,1071,5.2315,0
56086E112,CHU CHARLEROI - CHIMAY,"CHAUSSE DE BRUXELLES 140, 6042, LODELINSART","CHU CHARLEROI - CHIMAY -- CHAUSSE DE BRUXELLES 140, 6042, LODELINSART","c(4.44028293511958, 50.431294860782)",1,1,1,2025-10-11T08:00:00Z,2025-10-11T08:17:43Z,vehicle,car,14596,1063,997,5.9252,0
56086E191,CHU CHARLEROI - CHIMAY,"CHAUSSE DE BRUXELLES 140, 6042, LODELINSART","CHU CHARLEROI - CHIMAY -- CHAUSSE DE BRUXELLES 140, 6042, LODELINSART","c(4.44028293511958, 50.431294860782)",1,1,1,2025-10-11T08:00:00Z,2025-10-11T08:20:11Z,vehicle,car,15136,1211,1146,6.6337,0
56087A112,CHU CHARLEROI - CHIMAY,"CHAUSSE DE BRUXELLES 140, 6042, LODELINSART","CHU CHARLEROI - CHIMAY -- CHAUSSE DE BRUXELLES 140, 6042, LODELINSART","c(4.44028293511958, 50.431294860782)",1,1,1,2025-10-11T08:00:00Z,2025-10-11T08:16:34Z,vehicle,car,21085,994,969,8.2737,0
56087A122,CHU CHARLEROI - CHIMAY,"CHAUSSE DE BRUXELLES 140, 6042, LODELINSART","CHU CHARLEROI - CHIMAY -- CHAUSSE DE BRUXELLES 140, 6042, LODELINSART","c(4.44028293511958, 50.431294860782)",1,1,1,2025-10-11T08:00:00Z,2025-10-11T08:19:48Z,vehicle,car,22898,1188,1156,9.4246,0
56087A181,CHU CHARLEROI - CHIMAY,"CHAUSSE DE BRUXELLES 140, 6042, LODELINSART","CHU CHARLEROI - CHIMAY -- CHAUSSE DE BRUXELLES 140, 6042, LODELINSART","c(4.44028293511958, 50.431294860782)",1,1,1,2025-10-11T08:00:00Z,2025-10-11T08:18:13Z,vehicle,car,21517,1093,1070,8.5166,0
56087A191,CHU CHARLEROI - CHIMAY,"CHAUSSE DE BRUXELLES 140, 6042, LODELINSART","CHU CHARLEROI - CHIMAY -- CHAUSSE DE BRUXELLES 140, 6042, LODELINSART","c(4.44028293511958, 50.431294860782)",1,1,1,2025-10-11T08:00:00Z,2025-10-11T08:19:17Z,vehicle,car,22613,1157,1127,9.3078,0
56087C09-,CHU CHARLEROI - CHIMAY,"CHAUSSE DE BRUXELLES 140, 6042, LODELINSART","CHU CHARLEROI - CHIMAY -- CHAUSSE DE BRUXELLES 140, 6042, LODELINSART","c(4.44028293511958, 50.431294860782)",1,1,1,2025-10-11T08:00:00Z,2025-10-11T08:26:17Z,vehicle,car,27393,1577,1494,11.4158,0
9204810PQ,CHU CHARLEROI - CHIMAY,"CHAUSSE DE BRUXELLES 140, 6042, LODELINSART","CHU CHARLEROI - CHIMAY -- CHAUSSE DE BRUXELLES 140, 6042, LODELINSART","c(4.44028293511958, 50.431294860782)",1,1,1,2025-10-11T08:00:00Z,2025-10-11T08:21:48Z,vehicle,car,18804,1308,1233,7.9022,0
92048B012,CHU CHARLEROI - CHIMAY,"CHAUSSE DE BRUXELLES 140, 6042, LODELINSART","CHU CHARLEROI - CHIMAY -- CHAUSSE DE BRUXELLES 140, 6042, LODELINSART","c(4.44028293511958, 50.431294860782)",1,1,1,2025-10-11T08:00:00Z,2025-10-11T08:24:26Z,vehicle,car,22012,1466,1385,8.7658,0
92048B081,CHU CHARLEROI - CHIMAY,"CHAUSSE DE BRUXELLES 140, 6042, LODELINSART","CHU CHARLEROI - CHIMAY -- CHAUSSE DE BRUXELLES 140, 6042, LODELINSART","c(4.44028293511958, 50.431294860782)",1,1,1,2025-10-11T08:00:00Z,2025-10-11T08:23:37Z,vehicle,car,21155,1417,1341,8.1998,0
92048C000,CHU CHARLEROI - CHIMAY,"CHAUSSE DE BRUXELLES 140, 6042, LODELINSART","CHU CHARLEROI - CHIMAY -- CHAUSSE DE BRUXELLES 140, 6042, LODELINSART","c(4.44028293511958, 50.431294860782)",1,1,1,2025-10-11T08:00:00Z,2025-10-11T08:21:43Z,vehicle,car,18956,1303,1232,7.7934,0
92048C012,CHU CHARLEROI - CHIMAY,"CHAUSSE DE BRUXELLES 140, 6042, LODELINSART","CHU CHARLEROI - CHIMAY -- CHAUSSE DE BRUXELLES 140, 6042, LODELINSART","c(4.44028293511958, 50.431294860782)",1,1,1,2025-10-11T08:00:00Z,2025-10-11T08:24:02Z,vehicle,car,20527,1442,1367,8.2781,0
92048C091,CHU CHARLEROI - CHIMAY,"CHAUSSE DE BRUXELLES 140, 6042, LODELINSART","CHU CHARLEROI - CHIMAY -- CHAUSSE DE BRUXELLES 140, 6042, LODELINSART","c(4.44028293511958, 50.431294860782)",1,1,1,2025-10-11T08:00:00Z,2025-10-11T08:23:20Z,vehicle,car,19494,1400,1327,8.0655,0
92048D00-,CHU CHARLEROI - CHIMAY,"CHAUSSE DE BRUXELLES 140, 6042, LODELINSART","CHU CHARLEROI - CHIMAY -- CHAUSSE DE BRUXELLES 140, 6042, LODELINSART","c(4.44028293511958, 50.431294860782)",1,1,1,2025-10-11T08:00:00Z,2025-10-11T08:23:43Z,vehicle,car,21250,1423,1340,8.3697,0
92048D010,CHU CHARLEROI - CHIMAY,"CHAUSSE DE BRUXELLES 140, 6042, LODELINSART","CHU CHARLEROI - CHIMAY -- CHAUSSE DE BRUXELLES 140, 6042, LODELINSART","c(4.44028293511958, 50.431294860782)",1,1,1,2025-10-11T08:00:00Z,2025-10-11T08:21:00Z,vehicle,car,19852,1260,1191,7.7712,0
92048D090,CHU CHARLEROI - CHIMAY,"CHAUSSE DE BRUXELLES 140, 6042, LODELINSART","CHU CHARLEROI - CHIMAY -- CHAUSSE DE BRUXELLES 140, 6042, LODELINSART","c(4.44028293511958, 50.431294860782)",1,1,1,2025-10-11T08:00:00Z,2025-10-11T08:26:16Z,vehicle,car,22557,1576,1486,8.9775,0
92048D592,CHU CHARLEROI - CHIMAY,"CHAUSSE DE BRUXELLES 140, 6042, LODELINSART","CHU CHARLEROI - CHIMAY -- CHAUSSE DE BRUXELLES 140, 6042, LODELINSART","c(4.44028293511958, 50.431294860782)",1,1,1,2025-10-11T08:00:00Z,2025-10-11T08:25:18Z,vehicle,car,21714,1518,1447,8.4751,0
92087A591,CHU CHARLEROI - CHIMAY,"CHAUSSE DE BRUXELLES 140, 6042, LODELINSART","CHU CHARLEROI - CHIMAY -- CHAUSSE DE BRUXELLES 140, 6042, LODELINSART","c(4.44028293511958, 50.431294860782)",1,1,1,2025-10-11T08:00:00Z,2025-10-11T08:27:50Z,vehicle,car,22884,1670,1599,9.0045,0
92087J000,CHU CHARLEROI - CHIMAY,"CHAUSSE DE BRUXELLES 140, 6042, LODELINSART","CHU CHARLEROI - CHIMAY -- CHAUSSE DE BRUXELLES 140, 6042, LODELINSART","c(4.44028293511958, 50.431294860782)",1,1,1,2025-10-11T08:00:00Z,2025-10-11T08:23:58Z,vehicle,car,22247,1438,1358,8.7535,0
92087J010,CHU CHARLEROI - CHIMAY,"CHAUSSE DE BRUXELLES 140, 6042, LODELINSART","CHU CHARLEROI - CHIMAY -- CHAUSSE DE BRUXELLES 140, 6042, LODELINSART","c(4.44028293511958, 50.431294860782)",1,1,1,2025-10-11T08:00:00Z,2025-10-11T08:26:30Z,vehicle,car,23488,1590,1499,9.3368,0
92087J020,CHU CHARLEROI - CHIMAY,"CHAUSSE DE BRUXELLES 140, 6042, LODELINSART","CHU CHARLEROI - CHIMAY -- CHAUSSE DE BRUXELLES 140, 6042, LODELINSART","c(4.44028293511958, 50.431294860782)",1,1,1,2025-10-11T08:00:00Z,2025-10-11T08:27:46Z,vehicle,car,23876,1666,1584,9.3823,0
92087J090,CHU CHARLEROI - CHIMAY,"CHAUSSE DE BRUXELLES 140, 6042, LODELINSART","CHU CHARLEROI - CHIMAY -- CHAUSSE DE BRUXELLES 140, 6042, LODELINSART","c(4.44028293511958, 50.431294860782)",1,1,1,2025-10-11T08:00:00Z,2025-10-11T08:27:28Z,vehicle,car,22766,1648,1572,9.0626,0
92087J10-,CHU CHARLEROI - CHIMAY,"CHAUSSE DE BRUXELLES 140, 6042, LODELINSART","CHU CHARLEROI - CHIMAY -- CHAUSSE DE BRUXELLES 140, 6042, LODELINSART","c(4.44028293511958, 50.431294860782)",1,1,1,2025-10-11T08:00:00Z,2025-10-11T08:27:10Z,vehicle,car,23999,1630,1539,9.5444,0
92087J112,CHU CHARLEROI - CHIMAY,"CHAUSSE DE BRUXELLES 140, 6042, LODELINSART","CHU CHARLEROI - CHIMAY -- CHAUSSE DE BRUXELLES 140, 6042, LODELINSART","c(4.44028293511958, 50.431294860782)",1,1,1,2025-10-11T08:00:00Z,2025-10-11T08:28:53Z,vehicle,car,25800,1733,1635,10.0498,0
92087J191,CHU CHARLEROI - CHIMAY,"CHAUSSE DE BRUXELLES 140, 6042, LODELINSART","CHU CHARLEROI - CHIMAY -- CHAUSSE DE BRUXELLES 140, 6042, LODELINSART","c(4.44028293511958, 50.431294860782)",1,1,1,2025-10-11T08:00:00Z,2025-10-11T08:26:51Z,vehicle,car,24591,1611,1516,9.6039,0
92114A01-,CHU CHARLEROI - CHIMAY,"CHAUSSE DE BRUXELLES 140, 6042, LODELINSART","CHU CHARLEROI - CHIMAY -- CHAUSSE DE BRUXELLES 140, 6042, LODELINSART","c(4.44028293511958, 50.431294860782)",1,1,1,2025-10-11T08:00:00Z,2025-10-11T08:23:14Z,vehicle,car,29241,1394,1364,11.6385,0
92114A030,CHU CHARLEROI - CHIMAY,"CHAUSSE DE BRUXELLES 140, 6042, LODELINSART","CHU CHARLEROI - CHIMAY -- CHAUSSE DE BRUXELLES 140, 6042, LODELINSART","c(4.44028293511958, 50.431294860782)",1,1,1,2025-10-11T08:00:00Z,2025-10-11T08:23:54Z,vehicle,car,29480,1434,1400,11.6521,0
92114A090,CHU CHARLEROI - CHIMAY,"CHAUSSE DE BRUXELLES 140, 6042, LODELINSART","CHU CHARLEROI - CHIMAY -- CHAUSSE DE BRUXELLES 140, 6042, LODELINSART","c(4.44028293511958, 50.431294860782)",1,1,1,2025-10-11T08:00:00Z,2025-10-11T08:26:13Z,vehicle,car,30214,1573,1539,12.0559,0
92114A10-,CHU CHARLEROI - CHIMAY,"CHAUSSE DE BRUXELLES 140, 6042, LODELINSART","CHU CHARLEROI - CHIMAY -- CHAUSSE DE BRUXELLES 140, 6042, LODELINSART","c(4.44028293511958, 50.431294860782)",1,1,1,2025-10-11T08:00:00Z,2025-10-11T08:27:49Z,vehicle,car,31843,1669,1625,12.7334,0
92114A19-,CHU CHARLEROI - CHIMAY,"CHAUSSE DE BRUXELLES 140, 6042, LODELINSART","CHU CHARLEROI - CHIMAY -- CHAUSSE DE BRUXELLES 140, 6042, LODELINSART","c(4.44028293511958, 50.431294860782)",1,1,1,2025-10-11T08:00:00Z,2025-10-11T08:28:35Z,vehicle,car,33042,1715,1661,13.0509,0
92114A29-,CHU CHARLEROI - CHIMAY,"CHAUSSE DE BRUXELLES 140, 6042, LODELINSART","CHU CHARLEROI - CHIMAY -- CHAUSSE DE BRUXELLES 140, 6042, LODELINSART","c(4.44028293511958, 50.431294860782)",1,1,1,2025-10-11T08:00:00Z,2025-10-11T08:29:13Z,vehicle,car,33398,1753,1706,13.2702,0
92114B10-,CHU CHARLEROI - CHIMAY,"CHAUSSE DE BRUXELLES 140, 6042, LODELINSART","CHU CHARLEROI - CHIMAY -- CHAUSSE DE BRUXELLES 140, 6042, LODELINSART","c(4.44028293511958, 50.431294860782)",1,1,1,2025-10-11T08:00:00Z,2025-10-11T08:22:08Z,vehicle,car,28743,1328,1301,11.3067,0
92114B19-,CHU CHARLEROI - CHIMAY,"CHAUSSE DE BRUXELLES 140, 6042, LODELINSART","CHU CHARLEROI - CHIMAY -- CHAUSSE DE BRUXELLES 140, 6042, LODELINSART","c(4.44028293511958, 50.431294860782)",1,1,1,2025-10-11T08:00:00Z,2025-10-11T08:22:31Z,vehicle,car,28921,1351,1323,11.3766,0
92137A00-,CHU CHARLEROI - CHIMAY,"CHAUSSE DE BRUXELLES 140, 6042, LODELINSART","CHU CHARLEROI - CHIMAY -- CHAUSSE DE BRUXELLES 140, 6042, LODELINSART","c(4.44028293511958, 50.431294860782)",1,1,1,2025-10-11T08:00:00Z,2025-10-11T08:20:19Z,vehicle,car,18651,1219,1177,8.0844,0
92137A010,CHU CHARLEROI - CHIMAY,"CHAUSSE DE BRUXELLES 140, 6042, LODELINSART","CHU CHARLEROI - CHIMAY -- CHAUSSE DE BRUXELLES 140, 6042, LODELINSART","c(4.44028293511958, 50.431294860782)",1,1,1,2025-10-11T08:00:00Z,2025-10-11T08:21:48Z,vehicle,car,19114,1308,1266,8.3692,0
92137A020,CHU CHARLEROI - CHIMAY,"CHAUSSE DE BRUXELLES 140, 6042, LODELINSART","CHU CHARLEROI - CHIMAY -- CHAUSSE DE BRUXELLES 140, 6042, LODELINSART","c(4.44028293511958, 50.431294860782)",1,1,1,2025-10-11T08:00:00Z,2025-10-11T08:19:41Z,vehicle,car,18546,1181,1135,7.9384,0
92137A03-,CHU CHARLEROI - CHIMAY,"CHAUSSE DE BRUXELLES 140, 6042, LODELINSART","CHU CHARLEROI - CHIMAY -- CHAUSSE DE BRUXELLES 140, 6042, LODELINSART","c(4.44028293511958, 50.431294860782)",1,1,1,2025-10-11T08:00:00Z,2025-10-11T08:18:31Z,vehicle,car,17995,1111,1074,7.6583,0
92137A05-,CHU CHARLEROI - CHIMAY,"CHAUSSE DE BRUXELLES 140, 6042, LODELINSART","CHU CHARLEROI - CHIMAY -- CHAUSSE DE BRUXELLES 140, 6042, LODELINSART","c(4.44028293511958, 50.431294860782)",1,1,1,2025-10-11T08:00:00Z,2025-10-11T08:23:49Z,vehicle,car,23687,1429,1382,9.6979,0
92137A07-,CHU CHARLEROI - CHIMAY,"CHAUSSE DE BRUXELLES 140, 6042, LODELINSART","CHU CHARLEROI - CHIMAY -- CHAUSSE DE BRUXELLES 140, 6042, LODELINSART","c(4.44028293511958, 50.431294860782)",1,1,1,2025-10-11T08:00:00Z,2025-10-11T08:17:00Z,vehicle,car,17092,1020,988,7.2838,0
92137A101,CHU CHARLEROI - CHIMAY,"CHAUSSE DE BRUXELLES 140, 6042, LODELINSART","CHU CHARLEROI - CHIMAY -- CHAUSSE DE BRUXELLES 140, 6042, LODELINSART","c(4.44028293511958, 50.431294860782)",1,1,1,2025-10-11T08:00:00Z,2025-10-11T08:21:34Z,vehicle,car,19295,1294,1248,8.234,0
92137A112,CHU CHARLEROI - CHIMAY,"CHAUSSE DE BRUXELLES 140, 6042, LODELINSART","CHU CHARLEROI - CHIMAY -- CHAUSSE DE BRUXELLES 140, 6042, LODELINSART","c(4.44028293511958, 50.431294860782)",1,1,1,2025-10-11T08:00:00Z,2025-10-11T08:21:07Z,vehicle,car,19603,1267,1214,8.3559,0
92137A19-,CHU CHARLEROI - CHIMAY,"CHAUSSE DE BRUXELLES 140, 6042, LODELINSART","CHU CHARLEROI - CHIMAY -- CHAUSSE DE BRUXELLES 140, 6042, LODELINSART","c(4.44028293511958, 50.431294860782)",1,1,1,2025-10-11T08:00:00Z,2025-10-11T08:22:27Z,vehicle,car,20055,1347,1293,8.5398,0
92137A20-,CHU CHARLEROI - CHIMAY,"CHAUSSE DE BRUXELLES 140, 6042, LODELINSART","CHU CHARLEROI - CHIMAY -- CHAUSSE DE BRUXELLES 140, 6042, LODELINSART","c(4.44028293511958, 50.431294860782)",1,1,1,2025-10-11T08:00:00Z,2025-10-11T08:18:45Z,vehicle,car,19026,1125,1092,8.0385,0
92137A29-,CHU CHARLEROI - CHIMAY,"CHAUSSE DE BRUXELLES 140, 6042, LODELINSART","CHU CHARLEROI - CHIMAY -- CHAUSSE DE BRUXELLES 140, 6042, LODELINSART","c(4.44028293511958, 50.431294860782)",1,1,1,2025-10-11T08:00:00Z,2025-10-11T08:16:12Z,vehicle,car,17485,972,944,7.2195,0
92137B00-,CHU CHARLEROI - CHIMAY,"CHAUSSE DE BRUXELLES 140, 6042, LODELINSART","CHU CHARLEROI - CHIMAY -- CHAUSSE DE BRUXELLES 140, 6042, LODELINSART","c(4.44028293511958, 50.431294860782)",1,1,1,2025-10-11T08:00:00Z,2025-10-11T08:23:17Z,vehicle,car,24395,1397,1348,9.6972,0
92137B01-,CHU CHARLEROI - CHIMAY,"CHAUSSE DE BRUXELLES 140, 6042, LODELINSART","CHU CHARLEROI - CHIMAY -- CHAUSSE DE BRUXELLES 140, 6042, LODELINSART","c(4.44028293511958, 50.431294860782)",1,1,1,2025-10-11T08:00:00Z,2025-10-11T08:21:34Z,vehicle,car,23958,1294,1240,9.2942,0
92137B020,CHU CHARLEROI - CHIMAY,"CHAUSSE DE BRUXELLES 140, 6042, LODELINSART","CHU CHARLEROI - CHIMAY -- CHAUSSE DE BRUXELLES 140, 6042, LODELINSART","c(4.44028293511958, 50.431294860782)",1,1,1,2025-10-11T08:00:00Z,2025-10-11T08:21:15Z,vehicle,car,22918,1275,1227,9.1881,0
92137B032,CHU CHARLEROI - CHIMAY,"CHAUSSE DE BRUXELLES 140, 6042, LODELINSART","CHU CHARLEROI - CHIMAY -- CHAUSSE DE BRUXELLES 140, 6042, LODELINSART","c(4.44028293511958, 50.431294860782)",1,1,1,2025-10-11T08:00:00Z,2025-10-11T08:23:36Z,vehicle,car,25098,1416,1357,9.91,0
92137B091,CHU CHARLEROI - CHIMAY,"CHAUSSE DE BRUXELLES 140, 6042, LODELINSART","CHU CHARLEROI - CHIMAY -- CHAUSSE DE BRUXELLES 140, 6042, LODELINSART","c(4.44028293511958, 50.431294860782)",1,1,1,2025-10-11T08:00:00Z,2025-10-11T08:22:14Z,vehicle,car,24240,1334,1279,9.5909,0
92137C00-,CHU CHARLEROI - CHIMAY,"CHAUSSE DE BRUXELLES 140, 6042, LODELINSART","CHU CHARLEROI - CHIMAY -- CHAUSSE DE BRUXELLES 140, 6042, LODELINSART","c(4.44028293511958, 50.431294860782)",1,1,1,2025-10-11T08:00:00Z,2025-10-11T08:23:45Z,vehicle,car,19511,1425,1326,8.7402,0
92137C010,CHU CHARLEROI - CHIMAY,"CHAUSSE DE BRUXELLES 140, 6042, LODELINSART","CHU CHARLEROI - CHIMAY -- CHAUSSE DE BRUXELLES 140, 6042, LODELINSART","c(4.44028293511958, 50.431294860782)",1,1,1,2025-10-11T08:00:00Z,2025-10-11T08:24:07Z,vehicle,car,19533,1447,1352,8.6667,0
92137C02-,CHU CHARLEROI - CHIMAY,"CHAUSSE DE BRUXELLES 140, 6042, LODELINSART","CHU CHARLEROI - CHIMAY -- CHAUSSE DE BRUXELLES 140, 6042, LODELINSART","c(4.44028293511958, 50.431294860782)",1,1,1,2025-10-11T08:00:00Z,2025-10-11T08:22:30Z,vehicle,car,19106,1350,1265,8.4093,0
92137C030,CHU CHARLEROI - CHIMAY,"CHAUSSE DE BRUXELLES 140, 6042, LODELINSART","CHU CHARLEROI - CHIMAY -- CHAUSSE DE BRUXELLES 140, 6042, LODELINSART","c(4.44028293511958, 50.431294860782)",1,1,1,2025-10-11T08:00:00Z,2025-10-11T08:23:35Z,vehicle,car,19433,1415,1321,8.6422,0
92137C04-,CHU CHARLEROI - CHIMAY,"CHAUSSE DE BRUXELLES 140, 6042, LODELINSART","CHU CHARLEROI - CHIMAY -- CHAUSSE DE BRUXELLES 140, 6042, LODELINSART","c(4.44028293511958, 50.431294860782)",1,1,1,2025-10-11T08:00:00Z,2025-10-11T08:25:15Z,vehicle,car,20252,1515,1408,8.9394,0
92137C052,CHU CHARLEROI - CHIMAY,"CHAUSSE DE BRUXELLES 140, 6042, LODELINSART","CHU CHARLEROI - CHIMAY -- CHAUSSE DE BRUXELLES 140, 6042, LODELINSART","c(4.44028293511958, 50.431294860782)",1,1,1,2025-10-11T08:00:00Z,2025-10-11T08:25:09Z,vehicle,car,20140,1509,1413,8.7366,0
92137C081,CHU CHARLEROI - CHIMAY,"CHAUSSE DE BRUXELLES 140, 6042, LODELINSART","CHU CHARLEROI - CHIMAY -- CHAUSSE DE BRUXELLES 140, 6042, LODELINSART","c(4.44028293511958, 50.431294860782)",1,1,1,2025-10-11T08:00:00Z,2025-10-11T08:24:47Z,vehicle,car,19860,1487,1385,8.8698,0
92137C090,CHU CHARLEROI - CHIMAY,"CHAUSSE DE BRUXELLES 140, 6042, LODELINSART","CHU CHARLEROI - CHIMAY -- CHAUSSE DE BRUXELLES 140, 6042, LODELINSART","c(4.44028293511958, 50.431294860782)",1,1,1,2025-10-11T08:00:00Z,2025-10-11T08:25:46Z,vehicle,car,20491,1546,1439,9.0619,0
92137D00-,CHU CHARLEROI - CHIMAY,"CHAUSSE DE BRUXELLES 140, 6042, LODELINSART","CHU CHARLEROI - CHIMAY -- CHAUSSE DE BRUXELLES 140, 6042, LODELINSART","c(4.44028293511958, 50.431294860782)",1,1,1,2025-10-11T08:00:00Z,2025-10-11T08:20:32Z,vehicle,car,17723,1232,1169,7.9096,0
92137D010,CHU CHARLEROI - CHIMAY,"CHAUSSE DE BRUXELLES 140, 6042, LODELINSART","CHU CHARLEROI - CHIMAY -- CHAUSSE DE BRUXELLES 140, 6042, LODELINSART","c(4.44028293511958, 50.431294860782)",1,1,1,2025-10-11T08:00:00Z,2025-10-11T08:20:47Z,vehicle,car,17651,1247,1188,7.7891,0
92137D020,CHU CHARLEROI - CHIMAY,"CHAUSSE DE BRUXELLES 140, 6042, LODELINSART","CHU CHARLEROI - CHIMAY -- CHAUSSE DE BRUXELLES 140, 6042, LODELINSART","c(4.44028293511958, 50.431294860782)",1,1,1,2025-10-11T08:00:00Z,2025-10-11T08:21:33Z,vehicle,car,18226,1293,1219,8.2042,0
92137D031,CHU CHARLEROI - CHIMAY,"CHAUSSE DE BRUXELLES 140, 6042, LODELINSART","CHU CHARLEROI - CHIMAY -- CHAUSSE DE BRUXELLES 140, 6042, LODELINSART","c(4.44028293511958, 50.431294860782)",1,1,1,2025-10-11T08:00:00Z,2025-10-11T08:17:54Z,vehicle,car,16080,1074,1036,6.9492,0
92137D072,CHU CHARLEROI - CHIMAY,"CHAUSSE DE BRUXELLES 140, 6042, LODELINSART","CHU CHARLEROI - CHIMAY -- CHAUSSE DE BRUXELLES 140, 6042, LODELINSART","c(4.44028293511958, 50.431294860782)",1,1,1,2025-10-11T08:00:00Z,2025-10-11T08:22:28Z,vehicle,car,18390,1348,1283,8.276,0
92137D091,CHU CHARLEROI - CHIMAY,"CHAUSSE DE BRUXELLES 140, 6042, LODELINSART","CHU CHARLEROI - CHIMAY -- CHAUSSE DE BRUXELLES 140, 6042, LODELINSART","c(4.44028293511958, 50.431294860782)",1,1,1,2025-10-11T08:00:00Z,2025-10-11T08:21:52Z,vehicle,car,18202,1312,1242,8.2329,0
92137D101,CHU CHARLEROI - CHIMAY,"CHAUSSE DE BRUXELLES 140, 6042, LODELINSART","CHU CHARLEROI - CHIMAY -- CHAUSSE DE BRUXELLES 140, 6042, LODELINSART","c(4.44028293511958, 50.431294860782)",1,1,1,2025-10-11T08:00:00Z,2025-10-11T08:17:18Z,vehicle,car,16980,1038,1000,7.1659,0
92137D122,CHU CHARLEROI - CHIMAY,"CHAUSSE DE BRUXELLES 140, 6042, LODELINSART","CHU CHARLEROI - CHIMAY -- CHAUSSE DE BRUXELLES 140, 6042, LODELINSART","c(4.44028293511958, 50.431294860782)",1,1,1,2025-10-11T08:00:00Z,2025-10-11T08:15:45Z,vehicle,car,16163,945,916,6.7716,0
92137D19-,CHU CHARLEROI - CHIMAY,"CHAUSSE DE BRUXELLES 140, 6042, LODELINSART","CHU CHARLEROI - CHIMAY -- CHAUSSE DE BRUXELLES 140, 6042, LODELINSART","c(4.44028293511958, 50.431294860782)",1,1,1,2025-10-11T08:00:00Z,2025-10-11T08:16:02Z,vehicle,car,16541,962,932,6.809,0
92137D202,CHU CHARLEROI - CHIMAY,"CHAUSSE DE BRUXELLES 140, 6042, LODELINSART","CHU CHARLEROI - CHIMAY -- CHAUSSE DE BRUXELLES 140, 6042, LODELINSART","c(4.44028293511958, 50.431294860782)",1,1,1,2025-10-11T08:00:00Z,2025-10-11T08:17:01Z,vehicle,car,16008,1021,978,6.8931,0
92137E00-,CHU CHARLEROI - CHIMAY,"CHAUSSE DE BRUXELLES 140, 6042, LODELINSART","CHU CHARLEROI - CHIMAY -- CHAUSSE DE BRUXELLES 140, 6042, LODELINSART","c(4.44028293511958, 50.431294860782)",1,1,1,2025-10-11T08:00:00Z,2025-10-11T08:16:02Z,vehicle,car,15227,962,925,6.5102,0
92137E01-,CHU CHARLEROI - CHIMAY,"CHAUSSE DE BRUXELLES 140, 6042, LODELINSART","CHU CHARLEROI - CHIMAY -- CHAUSSE DE BRUXELLES 140, 6042, LODELINSART","c(4.44028293511958, 50.431294860782)",1,1,1,2025-10-11T08:00:00Z,2025-10-11T08:14:29Z,vehicle,car,14572,869,840,6.0849,0
92137E09-,CHU CHARLEROI - CHIMAY,"CHAUSSE DE BRUXELLES 140, 6042, LODELINSART","CHU CHARLEROI - CHIMAY -- CHAUSSE DE BRUXELLES 140, 6042, LODELINSART","c(4.44028293511958, 50.431294860782)",1,1,1,2025-10-11T08:00:00Z,2025-10-11T08:17:12Z,vehicle,car,15884,1032,991,7.0006,0
92137F182,CHU CHARLEROI - CHIMAY,"CHAUSSE DE BRUXELLES 140, 6042, LODELINSART","CHU CHARLEROI - CHIMAY -- CHAUSSE DE BRUXELLES 140, 6042, LODELINSART","c(4.44028293511958, 50.431294860782)",1,1,1,2025-10-11T08:00:00Z,2025-10-11T08:21:47Z,vehicle,car,25491,1307,1293,10.5458,0
92137G191,CHU CHARLEROI - CHIMAY,"CHAUSSE DE BRUXELLES 140, 6042, LODELINSART","CHU CHARLEROI - CHIMAY -- CHAUSSE DE BRUXELLES 140, 6042, LODELINSART","c(4.44028293511958, 50.431294860782)",1,1,1,2025-10-11T08:00:00Z,2025-10-11T08:22:18Z,vehicle,car,23191,1338,1300,9.6576,0
92140A081,CHU CHARLEROI - CHIMAY,"CHAUSSE DE BRUXELLES 140, 6042, LODELINSART","CHU CHARLEROI - CHIMAY -- CHAUSSE DE BRUXELLES 140, 6042, LODELINSART","c(4.44028293511958, 50.431294860782)",1,1,1,2025-10-11T08:00:00Z,2025-10-11T08:21:45Z,vehicle,car,22836,1305,1261,9.043,0
93022J00-,CHU CHARLEROI - CHIMAY,"CHAUSSE DE BRUXELLES 140, 6042, LODELINSART","CHU CHARLEROI - CHIMAY -- CHAUSSE DE BRUXELLES 140, 6042, LODELINSART","c(4.44028293511958, 50.431294860782)",1,1,1,2025-10-11T08:00:00Z,2025-10-11T08:28:02Z,vehicle,car,21049,1682,1510,8.532,0
93022J01-,CHU CHARLEROI - CHIMAY,"CHAUSSE DE BRUXELLES 140, 6042, LODELINSART","CHU CHARLEROI - CHIMAY -- CHAUSSE DE BRUXELLES 140, 6042, LODELINSART","c(4.44028293511958, 50.431294860782)",1,1,1,2025-10-11T08:00:00Z,2025-10-11T08:26:41Z,vehicle,car,20605,1601,1438,8.2605,0
93022J09-,CHU CHARLEROI - CHIMAY,"CHAUSSE DE BRUXELLES 140, 6042, LODELINSART","CHU CHARLEROI - CHIMAY -- CHAUSSE DE BRUXELLES 140, 6042, LODELINSART","c(4.44028293511958, 50.431294860782)",1,1,1,2025-10-11T08:00:00Z,2025-10-11T08:28:05Z,vehicle,car,21068,1685,1512,8.5422,0
93022L012,CHU CHARLEROI - CHIMAY,"CHAUSSE DE BRUXELLES 140, 6042, LODELINSART","CHU CHARLEROI - CHIMAY -- CHAUSSE DE BRUXELLES 140, 6042, LODELINSART","c(4.44028293511958, 50.431294860782)",1,1,1,2025-10-11T08:00:00Z,2025-10-11T08:26:16Z,vehicle,car,20087,1576,1432,7.9799,0
93022L191,CHU CHARLEROI - CHIMAY,"CHAUSSE DE BRUXELLES 140, 6042, LODELINSART","CHU CHARLEROI - CHIMAY -- CHAUSSE DE BRUXELLES 140, 6042, LODELINSART","c(4.44028293511958, 50.431294860782)",1,1,1,2025-10-11T08:00:00Z,2025-10-11T08:27:54Z,vehicle,car,21448,1674,1527,8.4678,0
93088E000,CHU CHARLEROI - CHIMAY,"CHAUSSE DE BRUXELLES 140, 6042, LODELINSART","CHU CHARLEROI - CHIMAY -- CHAUSSE DE BRUXELLES 140, 6042, LODELINSART","c(4.44028293511958, 50.431294860782)",1,1,1,2025-10-11T08:00:00Z,2025-10-11T08:30:51Z,vehicle,car,27372,1851,1720,10.6003,0
93088E012,CHU CHARLEROI - CHIMAY,"CHAUSSE DE BRUXELLES 140, 6042, LODELINSART","CHU CHARLEROI - CHIMAY -- CHAUSSE DE BRUXELLES 140, 6042, LODELINSART","c(4.44028293511958, 50.431294860782)",1,1,1,2025-10-11T08:00:00Z,2025-10-11T08:32:41Z,vehicle,car,28154,1961,1820,10.9791,0
93088E081,CHU CHARLEROI - CHIMAY,"CHAUSSE DE BRUXELLES 140, 6042, LODELINSART","CHU CHARLEROI - CHIMAY -- CHAUSSE DE BRUXELLES 140, 6042, LODELINSART","c(4.44028293511958, 50.431294860782)",1,1,1,2025-10-11T08:00:00Z,2025-10-11T08:34:34Z,vehicle,car,29598,2074,1924,11.5281,0
93088E091,CHU CHARLEROI - CHIMAY,"CHAUSSE DE BRUXELLES 140, 6042, LODELINSART","CHU CHARLEROI - CHIMAY -- CHAUSSE DE BRUXELLES 140, 6042, LODELINSART","c(4.44028293511958, 50.431294860782)",1,1,1,2025-10-11T08:00:00Z,2025-10-11T08:32:03Z,vehicle,car,28282,1923,1779,10.9498,0
93088E112,CHU CHARLEROI - CHIMAY,"CHAUSSE DE BRUXELLES 140, 6042, LODELINSART","CHU CHARLEROI - CHIMAY -- CHAUSSE DE BRUXELLES 140, 6042, LODELINSART","c(4.44028293511958, 50.431294860782)",1,1,1,2025-10-11T08:00:00Z,2025-10-11T08:33:07Z,vehicle,car,28326,1987,1853,11.0727,0
93088K000,CHU CHARLEROI - CHIMAY,"CHAUSSE DE BRUXELLES 140, 6042, LODELINSART","CHU CHARLEROI - CHIMAY -- CHAUSSE DE BRUXELLES 140, 6042, LODELINSART","c(4.44028293511958, 50.431294860782)",1,1,1,2025-10-11T08:00:00Z,2025-10-11T08:22:47Z,vehicle,car,17789,1367,1229,7.0084,0
93088K01-,CHU CHARLEROI - CHIMAY,"CHAUSSE DE BRUXELLES 140, 6042, LODELINSART","CHU CHARLEROI - CHIMAY -- CHAUSSE DE BRUXELLES 140, 6042, LODELINSART","c(4.44028293511958, 50.431294860782)",1,1,1,2025-10-11T08:00:00Z,2025-10-11T08:23:17Z,vehicle,car,17790,1397,1263,6.9476,0
93088K020,CHU CHARLEROI - CHIMAY,"CHAUSSE DE BRUXELLES 140, 6042, LODELINSART","CHU CHARLEROI - CHIMAY -- CHAUSSE DE BRUXELLES 140, 6042, LODELINSART","c(4.44028293511958, 50.431294860782)",1,1,1,2025-10-11T08:00:00Z,2025-10-11T08:24:07Z,vehicle,car,18603,1447,1302,7.4162,0
93088K09-,CHU CHARLEROI - CHIMAY,"CHAUSSE DE BRUXELLES 140, 6042, LODELINSART","CHU CHARLEROI - CHIMAY -- CHAUSSE DE BRUXELLES 140, 6042, LODELINSART","c(4.44028293511958, 50.431294860782)",1,1,1,2025-10-11T08:00:00Z,2025-10-11T08:24:34Z,vehicle,car,18468,1474,1334,7.3361,0
93088L000,CHU CHARLEROI - CHIMAY,"CHAUSSE DE BRUXELLES 140, 6042, LODELINSART","CHU CHARLEROI - CHIMAY -- CHAUSSE DE BRUXELLES 140, 6042, LODELINSART","c(4.44028293511958, 50.431294860782)",1,1,1,2025-10-11T08:00:00Z,2025-10-11T08:25:08Z,vehicle,car,19888,1508,1356,7.7832,0
93088L010,CHU CHARLEROI - CHIMAY,"CHAUSSE DE BRUXELLES 140, 6042, LODELINSART","CHU CHARLEROI - CHIMAY -- CHAUSSE DE BRUXELLES 140, 6042, LODELINSART","c(4.44028293511958, 50.431294860782)",1,1,1,2025-10-11T08:00:00Z,2025-10-11T08:23:10Z,vehicle,car,16102,1390,1270,6.7447,0
93088L020,CHU CHARLEROI - CHIMAY,"CHAUSSE DE BRUXELLES 140, 6042, LODELINSART","CHU CHARLEROI - CHIMAY -- CHAUSSE DE BRUXELLES 140, 6042, LODELINSART","c(4.44028293511958, 50.431294860782)",1,1,1,2025-10-11T08:00:00Z,2025-10-11T08:21:05Z,vehicle,car,15456,1265,1142,6.0477,0
93088L090,CHU CHARLEROI - CHIMAY,"CHAUSSE DE BRUXELLES 140, 6042, LODELINSART","CHU CHARLEROI - CHIMAY -- CHAUSSE DE BRUXELLES 140, 6042, LODELINSART","c(4.44028293511958, 50.431294860782)",1,1,1,2025-10-11T08:00:00Z,2025-10-11T08:25:48Z,vehicle,car,20232,1548,1387,7.9678,0
93088L110,CHU CHARLEROI - CHIMAY,"CHAUSSE DE BRUXELLES 140, 6042, LODELINSART","CHU CHARLEROI - CHIMAY -- CHAUSSE DE BRUXELLES 140, 6042, LODELINSART","c(4.44028293511958, 50.431294860782)",1,1,1,2025-10-11T08:00:00Z,2025-10-11T08:22:32Z,vehicle,car,16380,1352,1213,6.4731,0
93088L190,CHU CHARLEROI - CHIMAY,"CHAUSSE DE BRUXELLES 140, 6042, LODELINSART","CHU CHARLEROI - CHIMAY -- CHAUSSE DE BRUXELLES 140, 6042, LODELINSART","c(4.44028293511958, 50.431294860782)",1,1,1,2025-10-11T08:00:00Z,2025-10-11T08:21:31Z,vehicle,car,15471,1291,1166,6.1297,0
93088M00-,CHU CHARLEROI - CHIMAY,"CHAUSSE DE BRUXELLES 140, 6042, LODELINSART","CHU CHARLEROI - CHIMAY -- CHAUSSE DE BRUXELLES 140, 6042, LODELINSART","c(4.44028293511958, 50.431294860782)",1,1,1,2025-10-11T08:00:00Z,2025-10-11T08:26:16Z,vehicle,car,19782,1576,1420,8.1618,0
93088M01-,CHU CHARLEROI - CHIMAY,"CHAUSSE DE BRUXELLES 140, 6042, LODELINSART","CHU CHARLEROI - CHIMAY -- CHAUSSE DE BRUXELLES 140, 6042, LODELINSART","c(4.44028293511958, 50.431294860782)",1,1,1,2025-10-11T08:00:00Z,2025-10-11T08:25:29Z,vehicle,car,19485,1529,1371,7.9587,0
93088M022,CHU CHARLEROI - CHIMAY,"CHAUSSE DE BRUXELLES 140, 6042, LODELINSART","CHU CHARLEROI - CHIMAY -- CHAUSSE DE BRUXELLES 140, 6042, LODELINSART","c(4.44028293511958, 50.431294860782)",1,1,1,2025-10-11T08:00:00Z,2025-10-11T08:26:37Z,vehicle,car,20000,1597,1435,8.1057,0
93088M033,CHU CHARLEROI - CHIMAY,"CHAUSSE DE BRUXELLES 140, 6042, LODELINSART","CHU CHARLEROI - CHIMAY -- CHAUSSE DE BRUXELLES 140, 6042, LODELINSART","c(4.44028293511958, 50.431294860782)",1,1,1,2025-10-11T08:00:00Z,2025-10-11T08:25:26Z,vehicle,car,20884,1526,1386,8.26,0
93088M044,CHU CHARLEROI - CHIMAY,"CHAUSSE DE BRUXELLES 140, 6042, LODELINSART","CHU CHARLEROI - CHIMAY -- CHAUSSE DE BRUXELLES 140, 6042, LODELINSART","c(4.44028293511958, 50.431294860782)",1,1,1,2025-10-11T08:00:00Z,2025-10-11T08:27:12Z,vehicle,car,21474,1632,1486,8.655,0
93088M091,CHU CHARLEROI - CHIMAY,"CHAUSSE DE BRUXELLES 140, 6042, LODELINSART","CHU CHARLEROI - CHIMAY -- CHAUSSE DE BRUXELLES 140, 6042, LODELINSART","c(4.44028293511958, 50.431294860782)",1,1,1,2025-10-11T08:00:00Z,2025-10-11T08:26:47Z,vehicle,car,19975,1607,1451,8.2822,0
93088P000,CHU CHARLEROI - CHIMAY,"CHAUSSE DE BRUXELLES 140, 6042, LODELINSART","CHU CHARLEROI - CHIMAY -- CHAUSSE DE BRUXELLES 140, 6042, LODELINSART","c(4.44028293511958, 50.431294860782)",1,1,1,2025-10-11T08:00:00Z,2025-10-11T08:27:23Z,vehicle,car,22803,1643,1502,8.8796,0
93088P012,CHU CHARLEROI - CHIMAY,"CHAUSSE DE BRUXELLES 140, 6042, LODELINSART","CHU CHARLEROI - CHIMAY -- CHAUSSE DE BRUXELLES 140, 6042, LODELINSART","c(4.44028293511958, 50.431294860782)",1,1,1,2025-10-11T08:00:00Z,2025-10-11T08:29:22Z,vehicle,car,23735,1762,1608,9.3186,0
93088P091,CHU CHARLEROI - CHIMAY,"CHAUSSE DE BRUXELLES 140, 6042, LODELINSART","CHU CHARLEROI - CHIMAY -- CHAUSSE DE BRUXELLES 140, 6042, LODELINSART","c(4.44028293511958, 50.431294860782)",1,1,1,2025-10-11T08:00:00Z,2025-10-11T08:29:00Z,vehicle,car,23585,1740,1586,9.2336,0
93088R113,CHU CHARLEROI - CHIMAY,"CHAUSSE DE BRUXELLES 140, 6042, LODELINSART","CHU CHARLEROI - CHIMAY -- CHAUSSE DE BRUXELLES 140, 6042, LODELINSART","c(4.44028293511958, 50.431294860782)",1,1,1,2025-10-11T08:00:00Z,2025-10-11T08:31:01Z,vehicle,car,27161,1861,1712,10.5561,0
13001A0MA,NOORDERHART,"MAESENSVELD 1, 3900, PELT","NOORDERHART -- MAESENSVELD 1, 3900, PELT","c(5.41564108516937, 51.2123397)",1,1,1,2025-10-11T08:00:00Z,2025-10-11T08:42:44Z,vehicle,car,41777,2564,2380,14.8382,0
13001A0PA,NOORDERHART,"MAESENSVELD 1, 3900, PELT","NOORDERHART -- MAESENSVELD 1, 3900, PELT","c(5.41564108516937, 51.2123397)",1,1,1,2025-10-11T08:00:00Z,2025-10-11T08:37:57Z,vehicle,car,45769,2277,2198,16.8504,0
13001A100,NOORDERHART,"MAESENSVELD 1, 3900, PELT","NOORDERHART -- MAESENSVELD 1, 3900, PELT","c(5.41564108516937, 51.2123397)",1,1,1,2025-10-11T08:00:00Z,2025-10-11T08:39:10Z,vehicle,car,40030,2350,2170,14.0122,0
13003B000,NOORDERHART,"MAESENSVELD 1, 3900, PELT","NOORDERHART -- MAESENSVELD 1, 3900, PELT","c(5.41564108516937, 51.2123397)",1,1,1,2025-10-11T08:00:00Z,2025-10-11T08:26:42Z,vehicle,car,28209,1602,1474,10.1853,0
13003B01-,NOORDERHART,"MAESENSVELD 1, 3900, PELT","NOORDERHART -- MAESENSVELD 1, 3900, PELT","c(5.41564108516937, 51.2123397)",1,1,1,2025-10-11T08:00:00Z,2025-10-11T08:29:46Z,vehicle,car,29577,1786,1656,10.8582,0
13003B02-,NOORDERHART,"MAESENSVELD 1, 3900, PELT","NOORDERHART -- MAESENSVELD 1, 3900, PELT","c(5.41564108516937, 51.2123397)",1,1,1,2025-10-11T08:00:00Z,2025-10-11T08:32:54Z,vehicle,car,31947,1974,1829,11.7983,0
13003B030,NOORDERHART,"MAESENSVELD 1, 3900, PELT","NOORDERHART -- MAESENSVELD 1, 3900, PELT","c(5.41564108516937, 51.2123397)",1,1,1,2025-10-11T08:00:00Z,2025-10-11T08:29:17Z,vehicle,car,29886,1757,1618,10.8686,0
13003B04-,NOORDERHART,"MAESENSVELD 1, 3900, PELT","NOORDERHART -- MAESENSVELD 1, 3900, PELT","c(5.41564108516937, 51.2123397)",1,1,1,2025-10-11T08:00:00Z,2025-10-11T08:29:15Z,vehicle,car,29748,1755,1618,10.8653,0
13003B052,NOORDERHART,"MAESENSVELD 1, 3900, PELT","NOORDERHART -- MAESENSVELD 1, 3900, PELT","c(5.41564108516937, 51.2123397)",1,1,1,2025-10-11T08:00:00Z,2025-10-11T08:28:41Z,vehicle,car,29246,1721,1588,10.6525,0
13003B08-,NOORDERHART,"MAESENSVELD 1, 3900, PELT","NOORDERHART -- MAESENSVELD 1, 3900, PELT","c(5.41564108516937, 51.2123397)",1,1,1,2025-10-11T08:00:00Z,2025-10-11T08:28:06Z,vehicle,car,28840,1686,1551,10.4414,0
13003B091,NOORDERHART,"MAESENSVELD 1, 3900, PELT","NOORDERHART -- MAESENSVELD 1, 3900, PELT","c(5.41564108516937, 51.2123397)",1,1,1,2025-10-11T08:00:00Z,2025-10-11T08:29:06Z,vehicle,car,29556,1746,1613,10.7753,0
13006A053,NOORDERHART,"MAESENSVELD 1, 3900, PELT","NOORDERHART -- MAESENSVELD 1, 3900, PELT","c(5.41564108516937, 51.2123397)",1,1,1,2025-10-11T08:00:00Z,2025-10-11T08:27:47Z,vehicle,car,27361,1667,1547,10.0223,0
13006A064,NOORDERHART,"MAESENSVELD 1, 3900, PELT","NOORDERHART -- MAESENSVELD 1, 3900, PELT","c(5.41564108516937, 51.2123397)",1,1,1,2025-10-11T08:00:00Z,2025-10-11T08:28:22Z,vehicle,car,26967,1702,1569,10.0951,0
13006A0MA,NOORDERHART,"MAESENSVELD 1, 3900, PELT","NOORDERHART -- MAESENSVELD 1, 3900, PELT","c(5.41564108516937, 51.2123397)",1,1,1,2025-10-11T08:00:00Z,2025-10-11T08:28:16Z,vehicle,car,27700,1696,1576,10.1615,0
13006A0PA,NOORDERHART,"MAESENSVELD 1, 3900, PELT","NOORDERHART -- MAESENSVELD 1, 3900, PELT","c(5.41564108516937, 51.2123397)",1,1,1,2025-10-11T08:00:00Z,2025-10-11T08:28:33Z,vehicle,car,27593,1713,1593,10.1694,0
13006A10-,NOORDERHART,"MAESENSVELD 1, 3900, PELT","NOORDERHART -- MAESENSVELD 1, 3900, PELT","c(5.41564108516937, 51.2123397)",1,1,1,2025-10-11T08:00:00Z,2025-10-11T08:24:29Z,vehicle,car,25421,1469,1364,9.1845,0
13006A115,NOORDERHART,"MAESENSVELD 1, 3900, PELT","NOORDERHART -- MAESENSVELD 1, 3900, PELT","c(5.41564108516937, 51.2123397)",1,1,1,2025-10-11T08:00:00Z,2025-10-11T08:25:51Z,vehicle,car,25998,1551,1441,9.4848,0
13006A212,NOORDERHART,"MAESENSVELD 1, 3900, PELT","NOORDERHART -- MAESENSVELD 1, 3900, PELT","c(5.41564108516937, 51.2123397)",1,1,1,2025-10-11T08:00:00Z,2025-10-11T08:28:41Z,vehicle,car,27307,1721,1619,10.1168,0
13006A266,NOORDERHART,"MAESENSVELD 1, 3900, PELT","NOORDERHART -- MAESENSVELD 1, 3900, PELT","c(5.41564108516937, 51.2123397)",1,1,1,2025-10-11T08:00:00Z,2025-10-11T08:29:14Z,vehicle,car,27551,1754,1652,10.2517,0
13025A00-,NOORDERHART,"MAESENSVELD 1, 3900, PELT","NOORDERHART -- MAESENSVELD 1, 3900, PELT","c(5.41564108516937, 51.2123397)",1,1,1,2025-10-11T08:00:00Z,2025-10-11T08:23:06Z,vehicle,car,24540,1386,1264,8.9828,0
13036A030,NOORDERHART,"MAESENSVELD 1, 3900, PELT","NOORDERHART -- MAESENSVELD 1, 3900, PELT","c(5.41564108516937, 51.2123397)",1,1,1,2025-10-11T08:00:00Z,2025-10-11T08:31:01Z,vehicle,car,32607,1861,1721,11.4576,0
13036A112,NOORDERHART,"MAESENSVELD 1, 3900, PELT","NOORDERHART -- MAESENSVELD 1, 3900, PELT","c(5.41564108516937, 51.2123397)",1,1,1,2025-10-11T08:00:00Z,2025-10-11T08:29:32Z,vehicle,car,31431,1772,1648,11.0614,0
71002A042,NOORDERHART,"MAESENSVELD 1, 3900, PELT","NOORDERHART -- MAESENSVELD 1, 3900, PELT","c(5.41564108516937, 51.2123397)",1,1,1,2025-10-11T08:00:00Z,2025-10-11T08:33:34Z,vehicle,car,43695,2014,1924,16.3618,0
71002A21-,NOORDERHART,"MAESENSVELD 1, 3900, PELT","NOORDERHART -- MAESENSVELD 1, 3900, PELT","c(5.41564108516937, 51.2123397)",1,1,1,2025-10-11T08:00:00Z,2025-10-11T08:34:33Z,vehicle,car,43873,2073,1977,16.5862,0
71002A225,NOORDERHART,"MAESENSVELD 1, 3900, PELT","NOORDERHART -- MAESENSVELD 1, 3900, PELT","c(5.41564108516937, 51.2123397)",1,1,1,2025-10-11T08:00:00Z,2025-10-11T08:35:16Z,vehicle,car,43836,2116,2043,16.594,0
71002A286,NOORDERHART,"MAESENSVELD 1, 3900, PELT","NOORDERHART -- MAESENSVELD 1, 3900, PELT","c(5.41564108516937, 51.2123397)",1,1,1,2025-10-11T08:00:00Z,2025-10-11T08:34:41Z,vehicle,car,44044,2081,1982,16.6347,0
71002B000,NOORDERHART,"MAESENSVELD 1, 3900, PELT","NOORDERHART -- MAESENSVELD 1, 3900, PELT","c(5.41564108516937, 51.2123397)",1,1,1,2025-10-11T08:00:00Z,2025-10-11T08:34:46Z,vehicle,car,44812,2086,1987,16.8847,0
71002B012,NOORDERHART,"MAESENSVELD 1, 3900, PELT","NOORDERHART -- MAESENSVELD 1, 3900, PELT","c(5.41564108516937, 51.2123397)",1,1,1,2025-10-11T08:00:00Z,2025-10-11T08:34:19Z,vehicle,car,44688,2059,1989,16.6754,0
71002B023,NOORDERHART,"MAESENSVELD 1, 3900, PELT","NOORDERHART -- MAESENSVELD 1, 3900, PELT","c(5.41564108516937, 51.2123397)",1,1,1,2025-10-11T08:00:00Z,2025-10-11T08:34:22Z,vehicle,car,44240,2062,1968,16.5769,0
71002B084,NOORDERHART,"MAESENSVELD 1, 3900, PELT","NOORDERHART -- MAESENSVELD 1, 3900, PELT","c(5.41564108516937, 51.2123397)",1,1,1,2025-10-11T08:00:00Z,2025-10-11T08:37:02Z,vehicle,car,46027,2222,2107,17.3134,0
71002B091,NOORDERHART,"MAESENSVELD 1, 3900, PELT","NOORDERHART -- MAESENSVELD 1, 3900, PELT","c(5.41564108516937, 51.2123397)",1,1,1,2025-10-11T08:00:00Z,2025-10-11T08:37:10Z,vehicle,car,46236,2230,2114,17.4378,0
71004C001,NOORDERHART,"MAESENSVELD 1, 3900, PELT","NOORDERHART -- MAESENSVELD 1, 3900, PELT","c(5.41564108516937, 51.2123397)",1,1,1,2025-10-11T08:00:00Z,2025-10-11T08:29:43Z,vehicle,car,29346,1783,1693,11.208,0
71004C01-,NOORDERHART,"MAESENSVELD 1, 3900, PELT","NOORDERHART -- MAESENSVELD 1, 3900, PELT","c(5.41564108516937, 51.2123397)",1,1,1,2025-10-11T08:00:00Z,2025-10-11T08:30:38Z,vehicle,car,29979,1838,1741,11.5409,0
71004C033,NOORDERHART,"MAESENSVELD 1, 3900, PELT","NOORDERHART -- MAESENSVELD 1, 3900, PELT","c(5.41564108516937, 51.2123397)",1,1,1,2025-10-11T08:00:00Z,2025-10-11T08:30:02Z,vehicle,car,29440,1802,1708,11.3007,0
71004C042,NOORDERHART,"MAESENSVELD 1, 3900, PELT","NOORDERHART -- MAESENSVELD 1, 3900, PELT","c(5.41564108516937, 51.2123397)",1,1,1,2025-10-11T08:00:00Z,2025-10-11T08:32:03Z,vehicle,car,32374,1923,1795,12.7868,0
71004C08-,NOORDERHART,"MAESENSVELD 1, 3900, PELT","NOORDERHART -- MAESENSVELD 1, 3900, PELT","c(5.41564108516937, 51.2123397)",1,1,1,2025-10-11T08:00:00Z,2025-10-11T08:31:02Z,vehicle,car,30599,1862,1754,11.7287,0
71004C301,NOORDERHART,"MAESENSVELD 1, 3900, PELT","NOORDERHART -- MAESENSVELD 1, 3900, PELT","c(5.41564108516937, 51.2123397)",1,1,1,2025-10-11T08:00:00Z,2025-10-11T08:27:46Z,vehicle,car,27844,1666,1582,10.6931,0
71004C302,NOORDERHART,"MAESENSVELD 1, 3900, PELT","NOORDERHART -- MAESENSVELD 1, 3900, PELT","c(5.41564108516937, 51.2123397)",1,1,1,2025-10-11T08:00:00Z,2025-10-11T08:27:54Z,vehicle,car,27667,1674,1590,10.6218,0
71004C391,NOORDERHART,"MAESENSVELD 1, 3900, PELT","NOORDERHART -- MAESENSVELD 1, 3900, PELT","c(5.41564108516937, 51.2123397)",1,1,1,2025-10-11T08:00:00Z,2025-10-11T08:26:06Z,vehicle,car,26473,1566,1508,10.1282,0
71004D001,NOORDERHART,"MAESENSVELD 1, 3900, PELT","NOORDERHART -- MAESENSVELD 1, 3900, PELT","c(5.41564108516937, 51.2123397)",1,1,1,2025-10-11T08:00:00Z,2025-10-11T08:25:14Z,vehicle,car,26503,1514,1440,10.0641,0
71004D022,NOORDERHART,"MAESENSVELD 1, 3900, PELT","NOORDERHART -- MAESENSVELD 1, 3900, PELT","c(5.41564108516937, 51.2123397)",1,1,1,2025-10-11T08:00:00Z,2025-10-11T08:25:22Z,vehicle,car,26846,1522,1457,10.1473,0
71004D091,NOORDERHART,"MAESENSVELD 1, 3900, PELT","NOORDERHART -- MAESENSVELD 1, 3900, PELT","c(5.41564108516937, 51.2123397)",1,1,1,2025-10-11T08:00:00Z,2025-10-11T08:26:37Z,vehicle,car,27661,1597,1526,10.5013,0
71004D0AJ,NOORDERHART,"MAESENSVELD 1, 3900, PELT","NOORDERHART -- MAESENSVELD 1, 3900, PELT","c(5.41564108516937, 51.2123397)",1,1,1,2025-10-11T08:00:00Z,2025-10-11T08:24:22Z,vehicle,car,25972,1462,1402,9.8353,0
71016A391,NOORDERHART,"MAESENSVELD 1, 3900, PELT","NOORDERHART -- MAESENSVELD 1, 3900, PELT","c(5.41564108516937, 51.2123397)",1,1,1,2025-10-11T08:00:00Z,2025-10-11T08:26:27Z,vehicle,car,33806,1587,1526,12.6054,0
71016B201,NOORDERHART,"MAESENSVELD 1, 3900, PELT","NOORDERHART -- MAESENSVELD 1, 3900, PELT","c(5.41564108516937, 51.2123397)",1,1,1,2025-10-11T08:00:00Z,2025-10-11T08:28:58Z,vehicle,car,37222,1738,1668,13.9839,0
71016B242,NOORDERHART,"MAESENSVELD 1, 3900, PELT","NOORDERHART -- MAESENSVELD 1, 3900, PELT","c(5.41564108516937, 51.2123397)",1,1,1,2025-10-11T08:00:00Z,2025-10-11T08:29:09Z,vehicle,car,31679,1749,1639,11.9465,0
71016B273,NOORDERHART,"MAESENSVELD 1, 3900, PELT","NOORDERHART -- MAESENSVELD 1, 3900, PELT","c(5.41564108516937, 51.2123397)",1,1,1,2025-10-11T08:00:00Z,2025-10-11T08:27:15Z,vehicle,car,34250,1635,1560,12.8067,0
71016B29-,NOORDERHART,"MAESENSVELD 1, 3900, PELT","NOORDERHART -- MAESENSVELD 1, 3900, PELT","c(5.41564108516937, 51.2123397)",1,1,1,2025-10-11T08:00:00Z,2025-10-11T08:28:35Z,vehicle,car,37299,1715,1642,13.9598,0
71016B2AA,NOORDERHART,"MAESENSVELD 1, 3900, PELT","NOORDERHART -- MAESENSVELD 1, 3900, PELT","c(5.41564108516937, 51.2123397)",1,1,1,2025-10-11T08:00:00Z,2025-10-11T08:29:01Z,vehicle,car,36737,1741,1676,13.8982,0
71016B2BA,NOORDERHART,"MAESENSVELD 1, 3900, PELT","NOORDERHART -- MAESENSVELD 1, 3900, PELT","c(5.41564108516937, 51.2123397)",1,1,1,2025-10-11T08:00:00Z,2025-10-11T08:31:19Z,vehicle,car,33388,1879,1762,12.6271,0
71034B023,NOORDERHART,"MAESENSVELD 1, 3900, PELT","NOORDERHART -- MAESENSVELD 1, 3900, PELT","c(5.41564108516937, 51.2123397)",1,1,1,2025-10-11T08:00:00Z,2025-10-11T08:22:29Z,vehicle,car,24755,1349,1290,9.3365,0
71047A00-,NOORDERHART,"MAESENSVELD 1, 3900, PELT","NOORDERHART -- MAESENSVELD 1, 3900, PELT","c(5.41564108516937, 51.2123397)",1,1,1,2025-10-11T08:00:00Z,2025-10-11T08:35:16Z,vehicle,car,29904,2116,1964,10.4858,0
71047A010,NOORDERHART,"MAESENSVELD 1, 3900, PELT","NOORDERHART -- MAESENSVELD 1, 3900, PELT","c(5.41564108516937, 51.2123397)",1,1,1,2025-10-11T08:00:00Z,2025-10-11T08:35:26Z,vehicle,car,30070,2126,1972,10.5171,0
71047A022,NOORDERHART,"MAESENSVELD 1, 3900, PELT","NOORDERHART -- MAESENSVELD 1, 3900, PELT","c(5.41564108516937, 51.2123397)",1,1,1,2025-10-11T08:00:00Z,2025-10-11T08:36:58Z,vehicle,car,31238,2218,2045,11.0067,0
71047A086,NOORDERHART,"MAESENSVELD 1, 3900, PELT","NOORDERHART -- MAESENSVELD 1, 3900, PELT","c(5.41564108516937, 51.2123397)",1,1,1,2025-10-11T08:00:00Z,2025-10-11T08:35:56Z,vehicle,car,26439,2156,2036,9.7514,0
71047A0AA,NOORDERHART,"MAESENSVELD 1, 3900, PELT","NOORDERHART -- MAESENSVELD 1, 3900, PELT","c(5.41564108516937, 51.2123397)",1,1,1,2025-10-11T08:00:00Z,2025-10-11T08:37:59Z,vehicle,car,31839,2279,2087,11.2821,0
71047A0PA,NOORDERHART,"MAESENSVELD 1, 3900, PELT","NOORDERHART -- MAESENSVELD 1, 3900, PELT","c(5.41564108516937, 51.2123397)",1,1,1,2025-10-11T08:00:00Z,2025-10-11T08:37:02Z,vehicle,car,31241,2222,2050,10.9653,0
71047A200,NOORDERHART,"MAESENSVELD 1, 3900, PELT","NOORDERHART -- MAESENSVELD 1, 3900, PELT","c(5.41564108516937, 51.2123397)",1,1,1,2025-10-11T08:00:00Z,2025-10-11T08:30:36Z,vehicle,car,26426,1836,1702,9.1077,0
71047A212,NOORDERHART,"MAESENSVELD 1, 3900, PELT","NOORDERHART -- MAESENSVELD 1, 3900, PELT","c(5.41564108516937, 51.2123397)",1,1,1,2025-10-11T08:00:00Z,2025-10-11T08:31:39Z,vehicle,car,26944,1899,1760,9.3126,0
71047A275,NOORDERHART,"MAESENSVELD 1, 3900, PELT","NOORDERHART -- MAESENSVELD 1, 3900, PELT","c(5.41564108516937, 51.2123397)",1,1,1,2025-10-11T08:00:00Z,2025-10-11T08:30:42Z,vehicle,car,26337,1842,1717,9.1414,0
71047A291,NOORDERHART,"MAESENSVELD 1, 3900, PELT","NOORDERHART -- MAESENSVELD 1, 3900, PELT","c(5.41564108516937, 51.2123397)",1,1,1,2025-10-11T08:00:00Z,2025-10-11T08:32:49Z,vehicle,car,27267,1969,1831,9.5378,0
71066A282,NOORDERHART,"MAESENSVELD 1, 3900, PELT","NOORDERHART -- MAESENSVELD 1, 3900, PELT","c(5.41564108516937, 51.2123397)",1,1,1,2025-10-11T08:00:00Z,2025-10-11T08:31:26Z,vehicle,car,31930,1886,1742,12.3644,0
71066A391,NOORDERHART,"MAESENSVELD 1, 3900, PELT","NOORDERHART -- MAESENSVELD 1, 3900, PELT","c(5.41564108516937, 51.2123397)",1,1,1,2025-10-11T08:00:00Z,2025-10-11T08:23:52Z,vehicle,car,27663,1432,1378,10.5759,0
71066A515,NOORDERHART,"MAESENSVELD 1, 3900, PELT","NOORDERHART -- MAESENSVELD 1, 3900, PELT","c(5.41564108516937, 51.2123397)",1,1,1,2025-10-11T08:00:00Z,2025-10-11T08:22:02Z,vehicle,car,26795,1322,1269,10.1208,0
71069A001,NOORDERHART,"MAESENSVELD 1, 3900, PELT","NOORDERHART -- MAESENSVELD 1, 3900, PELT","c(5.41564108516937, 51.2123397)",1,1,1,2025-10-11T08:00:00Z,2025-10-11T08:28:21Z,vehicle,car,28813,1701,1620,10.9297,0
71069A01-,NOORDERHART,"MAESENSVELD 1, 3900, PELT","NOORDERHART -- MAESENSVELD 1, 3900, PELT","c(5.41564108516937, 51.2123397)",1,1,1,2025-10-11T08:00:00Z,2025-10-11T08:27:07Z,vehicle,car,28546,1627,1547,10.685,0
71069A020,NOORDERHART,"MAESENSVELD 1, 3900, PELT","NOORDERHART -- MAESENSVELD 1, 3900, PELT","c(5.41564108516937, 51.2123397)",1,1,1,2025-10-11T08:00:00Z,2025-10-11T08:25:49Z,vehicle,car,27211,1549,1484,10.3049,0
71069A032,NOORDERHART,"MAESENSVELD 1, 3900, PELT","NOORDERHART -- MAESENSVELD 1, 3900, PELT","c(5.41564108516937, 51.2123397)",1,1,1,2025-10-11T08:00:00Z,2025-10-11T08:25:45Z,vehicle,car,27687,1545,1475,10.332,0
71069A091,NOORDERHART,"MAESENSVELD 1, 3900, PELT","NOORDERHART -- MAESENSVELD 1, 3900, PELT","c(5.41564108516937, 51.2123397)",1,1,1,2025-10-11T08:00:00Z,2025-10-11T08:27:55Z,vehicle,car,28753,1675,1603,10.8467,0
71069A10-,NOORDERHART,"MAESENSVELD 1, 3900, PELT","NOORDERHART -- MAESENSVELD 1, 3900, PELT","c(5.41564108516937, 51.2123397)",1,1,1,2025-10-11T08:00:00Z,2025-10-11T08:25:01Z,vehicle,car,26494,1501,1437,10.0357,0
71069A112,NOORDERHART,"MAESENSVELD 1, 3900, PELT","NOORDERHART -- MAESENSVELD 1, 3900, PELT","c(5.41564108516937, 51.2123397)",1,1,1,2025-10-11T08:00:00Z,2025-10-11T08:26:14Z,vehicle,car,27211,1574,1509,10.3282,0
71069B001,NOORDERHART,"MAESENSVELD 1, 3900, PELT","NOORDERHART -- MAESENSVELD 1, 3900, PELT","c(5.41564108516937, 51.2123397)",1,1,1,2025-10-11T08:00:00Z,2025-10-11T08:30:23Z,vehicle,car,30688,1823,1710,11.645,0
71069B01-,NOORDERHART,"MAESENSVELD 1, 3900, PELT","NOORDERHART -- MAESENSVELD 1, 3900, PELT","c(5.41564108516937, 51.2123397)",1,1,1,2025-10-11T08:00:00Z,2025-10-11T08:31:12Z,vehicle,car,30833,1872,1759,11.7636,0
71069B022,NOORDERHART,"MAESENSVELD 1, 3900, PELT","NOORDERHART -- MAESENSVELD 1, 3900, PELT","c(5.41564108516937, 51.2123397)",1,1,1,2025-10-11T08:00:00Z,2025-10-11T08:27:46Z,vehicle,car,29461,1666,1566,11.0097,0
71069B082,NOORDERHART,"MAESENSVELD 1, 3900, PELT","NOORDERHART -- MAESENSVELD 1, 3900, PELT","c(5.41564108516937, 51.2123397)",1,1,1,2025-10-11T08:00:00Z,2025-10-11T08:30:30Z,vehicle,car,30581,1830,1729,11.625,0
71069B091,NOORDERHART,"MAESENSVELD 1, 3900, PELT","NOORDERHART -- MAESENSVELD 1, 3900, PELT","c(5.41564108516937, 51.2123397)",1,1,1,2025-10-11T08:00:00Z,2025-10-11T08:32:12Z,vehicle,car,32029,1932,1777,11.6994,0
71070A201,NOORDERHART,"MAESENSVELD 1, 3900, PELT","NOORDERHART -- MAESENSVELD 1, 3900, PELT","c(5.41564108516937, 51.2123397)",1,1,1,2025-10-11T08:00:00Z,2025-10-11T08:23:43Z,vehicle,car,26712,1423,1345,10.4342,0
71070A402,NOORDERHART,"MAESENSVELD 1, 3900, PELT","NOORDERHART -- MAESENSVELD 1, 3900, PELT","c(5.41564108516937, 51.2123397)",1,1,1,2025-10-11T08:00:00Z,2025-10-11T08:26:18Z,vehicle,car,28003,1578,1496,11.0664,0
71070B001,NOORDERHART,"MAESENSVELD 1, 3900, PELT","NOORDERHART -- MAESENSVELD 1, 3900, PELT","c(5.41564108516937, 51.2123397)",1,1,1,2025-10-11T08:00:00Z,2025-10-11T08:25:43Z,vehicle,car,27533,1543,1455,10.9469,0
71070B010,NOORDERHART,"MAESENSVELD 1, 3900, PELT","NOORDERHART -- MAESENSVELD 1, 3900, PELT","c(5.41564108516937, 51.2123397)",1,1,1,2025-10-11T08:00:00Z,2025-10-11T08:22:20Z,vehicle,car,26037,1340,1263,10.1599,0
71070B032,NOORDERHART,"MAESENSVELD 1, 3900, PELT","NOORDERHART -- MAESENSVELD 1, 3900, PELT","c(5.41564108516937, 51.2123397)",1,1,1,2025-10-11T08:00:00Z,2025-10-11T08:25:03Z,vehicle,car,27491,1503,1419,10.8578,0
71070B042,NOORDERHART,"MAESENSVELD 1, 3900, PELT","NOORDERHART -- MAESENSVELD 1, 3900, PELT","c(5.41564108516937, 51.2123397)",1,1,1,2025-10-11T08:00:00Z,2025-10-11T08:22:19Z,vehicle,car,25820,1339,1266,10.1242,0
71070B052,NOORDERHART,"MAESENSVELD 1, 3900, PELT","NOORDERHART -- MAESENSVELD 1, 3900, PELT","c(5.41564108516937, 51.2123397)",1,1,1,2025-10-11T08:00:00Z,2025-10-11T08:23:07Z,vehicle,car,26556,1387,1304,10.3834,0
71070B083,NOORDERHART,"MAESENSVELD 1, 3900, PELT","NOORDERHART -- MAESENSVELD 1, 3900, PELT","c(5.41564108516937, 51.2123397)",1,1,1,2025-10-11T08:00:00Z,2025-10-11T08:23:58Z,vehicle,car,26662,1438,1360,10.5111,0
71070B0MA,NOORDERHART,"MAESENSVELD 1, 3900, PELT","NOORDERHART -- MAESENSVELD 1, 3900, PELT","c(5.41564108516937, 51.2123397)",1,1,1,2025-10-11T08:00:00Z,2025-10-11T08:24:12Z,vehicle,car,27554,1452,1390,10.6816,0
71070B0PA,NOORDERHART,"MAESENSVELD 1, 3900, PELT","NOORDERHART -- MAESENSVELD 1, 3900, PELT","c(5.41564108516937, 51.2123397)",1,1,1,2025-10-11T08:00:00Z,2025-10-11T08:25:12Z,vehicle,car,28051,1512,1417,10.9323,0
71070B683,NOORDERHART,"MAESENSVELD 1, 3900, PELT","NOORDERHART -- MAESENSVELD 1, 3900, PELT","c(5.41564108516937, 51.2123397)",1,1,1,2025-10-11T08:00:00Z,2025-10-11T08:24:18Z,vehicle,car,27727,1458,1366,10.7759,0
72021C212,NOORDERHART,"MAESENSVELD 1, 3900, PELT","NOORDERHART -- MAESENSVELD 1, 3900, PELT","c(5.41564108516937, 51.2123397)",1,1,1,2025-10-11T08:00:00Z,2025-10-11T08:37:43Z,vehicle,car,47184,2263,2125,17.8363,0
72021C222,NOORDERHART,"MAESENSVELD 1, 3900, PELT","NOORDERHART -- MAESENSVELD 1, 3900, PELT","c(5.41564108516937, 51.2123397)",1,1,1,2025-10-11T08:00:00Z,2025-10-11T08:41:43Z,vehicle,car,36011,2503,2245,12.8133,0
72021C291,NOORDERHART,"MAESENSVELD 1, 3900, PELT","NOORDERHART -- MAESENSVELD 1, 3900, PELT","c(5.41564108516937, 51.2123397)",1,1,1,2025-10-11T08:00:00Z,2025-10-11T08:41:31Z,vehicle,car,49037,2491,2354,18.7834,0
72039A311,NOORDERHART,"MAESENSVELD 1, 3900, PELT","NOORDERHART -- MAESENSVELD 1, 3900, PELT","c(5.41564108516937, 51.2123397)",1,1,1,2025-10-11T08:00:00Z,2025-10-11T08:28:33Z,vehicle,car,31026,1713,1611,11.7666,0
72039A389,NOORDERHART,"MAESENSVELD 1, 3900, PELT","NOORDERHART -- MAESENSVELD 1, 3900, PELT","c(5.41564108516937, 51.2123397)",1,1,1,2025-10-11T08:00:00Z,2025-10-11T08:31:48Z,vehicle,car,32364,1908,1806,12.4044,0
72039A473,NOORDERHART,"MAESENSVELD 1, 3900, PELT","NOORDERHART -- MAESENSVELD 1, 3900, PELT","c(5.41564108516937, 51.2123397)",1,1,1,2025-10-11T08:00:00Z,2025-10-11T08:21:14Z,vehicle,car,25843,1274,1225,9.884,0
72039A483,NOORDERHART,"MAESENSVELD 1, 3900, PELT","NOORDERHART -- MAESENSVELD 1, 3900, PELT","c(5.41564108516937, 51.2123397)",1,1,1,2025-10-11T08:00:00Z,2025-10-11T08:21:54Z,vehicle,car,26056,1314,1262,9.9964,0
72041A020,NOORDERHART,"MAESENSVELD 1, 3900, PELT","NOORDERHART -- MAESENSVELD 1, 3900, PELT","c(5.41564108516937, 51.2123397)",1,1,1,2025-10-11T08:00:00Z,2025-10-11T08:41:47Z,vehicle,car,36859,2507,2250,13.3305,0
72041A030,NOORDERHART,"MAESENSVELD 1, 3900, PELT","NOORDERHART -- MAESENSVELD 1, 3900, PELT","c(5.41564108516937, 51.2123397)",1,1,1,2025-10-11T08:00:00Z,2025-10-11T08:37:42Z,vehicle,car,51012,2262,2186,18.904,0
72041A091,NOORDERHART,"MAESENSVELD 1, 3900, PELT","NOORDERHART -- MAESENSVELD 1, 3900, PELT","c(5.41564108516937, 51.2123397)",1,1,1,2025-10-11T08:00:00Z,2025-10-11T08:39:17Z,vehicle,car,52568,2357,2278,19.4619,0
72041A191,NOORDERHART,"MAESENSVELD 1, 3900, PELT","NOORDERHART -- MAESENSVELD 1, 3900, PELT","c(5.41564108516937, 51.2123397)",1,1,1,2025-10-11T08:00:00Z,2025-10-11T08:43:35Z,vehicle,car,37674,2615,2365,13.5487,0
72041D000,NOORDERHART,"MAESENSVELD 1, 3900, PELT","NOORDERHART -- MAESENSVELD 1, 3900, PELT","c(5.41564108516937, 51.2123397)",1,1,1,2025-10-11T08:00:00Z,2025-10-11T08:43:31Z,vehicle,car,55094,2611,2494,20.556,0
72041D080,NOORDERHART,"MAESENSVELD 1, 3900, PELT","NOORDERHART -- MAESENSVELD 1, 3900, PELT","c(5.41564108516937, 51.2123397)",1,1,1,2025-10-11T08:00:00Z,2025-10-11T08:42:10Z,vehicle,car,54503,2530,2439,20.2706,0
72041D19-,NOORDERHART,"MAESENSVELD 1, 3900, PELT","NOORDERHART -- MAESENSVELD 1, 3900, PELT","c(5.41564108516937, 51.2123397)",1,1,1,2025-10-11T08:00:00Z,2025-10-11T08:46:02Z,vehicle,car,56217,2762,2648,21.1648,0
72041E000,NOORDERHART,"MAESENSVELD 1, 3900, PELT","NOORDERHART -- MAESENSVELD 1, 3900, PELT","c(5.41564108516937, 51.2123397)",1,1,1,2025-10-11T08:00:00Z,2025-10-11T08:41:02Z,vehicle,car,53727,2462,2370,19.9424,0
72041E08-,NOORDERHART,"MAESENSVELD 1, 3900, PELT","NOORDERHART -- MAESENSVELD 1, 3900, PELT","c(5.41564108516937, 51.2123397)",1,1,1,2025-10-11T08:00:00Z,2025-10-11T08:41:49Z,vehicle,car,54084,2509,2421,20.0518,0
72041E264,NOORDERHART,"MAESENSVELD 1, 3900, PELT","NOORDERHART -- MAESENSVELD 1, 3900, PELT","c(5.41564108516937, 51.2123397)",1,1,1,2025-10-11T08:00:00Z,2025-10-11T08:34:16Z,vehicle,car,46179,2056,1987,16.9467,0
21004A15-,CHIREC - HOPITAL SARE,"Jules Graindorlaan 66, 1070 Anderlecht","CHIREC - HOPITAL SARE -- Jules Graindorlaan 66, 1070 Anderlecht","c(4.31689484186574, 50.8452841)",1,1,1,2025-10-11T08:00:00Z,2025-10-11T08:11:09Z,vehicle,car,3844,669,543,2.193,0
21004A16-,CHIREC - HOPITAL SARE,"Jules Graindorlaan 66, 1070 Anderlecht","CHIREC - HOPITAL SARE -- Jules Graindorlaan 66, 1070 Anderlecht","c(4.31689484186574, 50.8452841)",1,1,1,2025-10-11T08:00:00Z,2025-10-11T08:12:17Z,vehicle,car,4142,737,611,2.4766,0
21004A19-,CHIREC - HOPITAL SARE,"Jules Graindorlaan 66, 1070 Anderlecht","CHIREC - HOPITAL SARE -- Jules Graindorlaan 66, 1070 Anderlecht","c(4.31689484186574, 50.8452841)",1,1,1,2025-10-11T08:00:00Z,2025-10-11T08:13:54Z,vehicle,car,5653,834,710,3.0083,0
21004A1MJ,CHIREC - HOPITAL SARE,"Jules Graindorlaan 66, 1070 Anderlecht","CHIREC - HOPITAL SARE -- Jules Graindorlaan 66, 1070 Anderlecht","c(4.31689484186574, 50.8452841)",1,1,1,2025-10-11T08:00:00Z,2025-10-11T08:13:10Z,vehicle,car,3646,790,653,2.4228,0
21004A32-,CHIREC - HOPITAL SARE,"Jules Graindorlaan 66, 1070 Anderlecht","CHIREC - HOPITAL SARE -- Jules Graindorlaan 66, 1070 Anderlecht","c(4.31689484186574, 50.8452841)",1,1,1,2025-10-11T08:00:00Z,2025-10-11T08:15:00Z,vehicle,car,4821,900,778,3.1305,0
21004D600,CHIREC - HOPITAL SARE,"Jules Graindorlaan 66, 1070 Anderlecht","CHIREC - HOPITAL SARE -- Jules Graindorlaan 66, 1070 Anderlecht","c(4.31689484186574, 50.8452841)",1,1,1,2025-10-11T08:00:00Z,2025-10-11T08:11:32Z,vehicle,car,3869,692,593,2.4378,0
21004D631,CHIREC - HOPITAL SARE,"Jules Graindorlaan 66, 1070 Anderlecht","CHIREC - HOPITAL SARE -- Jules Graindorlaan 66, 1070 Anderlecht","c(4.31689484186574, 50.8452841)",1,1,1,2025-10-11T08:00:00Z,2025-10-11T08:15:25Z,vehicle,car,5098,925,819,3.2329,0
21004D6NJ,CHIREC - HOPITAL SARE,"Jules Graindorlaan 66, 1070 Anderlecht","CHIREC - HOPITAL SARE -- Jules Graindorlaan 66, 1070 Anderlecht","c(4.31689484186574, 50.8452841)",1,1,1,2025-10-11T08:00:00Z,2025-10-11T08:13:06Z,vehicle,car,4721,786,683,2.8908,0
21007A111,CHIREC - HOPITAL SARE,"Jules Graindorlaan 66, 1070 Anderlecht","CHIREC - HOPITAL SARE -- Jules Graindorlaan 66, 1070 Anderlecht","c(4.31689484186574, 50.8452841)",1,1,1,2025-10-11T08:00:00Z,2025-10-11T08:17:31Z,vehicle,car,6795,1051,910,3.7254,0
21007A201,CHIREC - HOPITAL SARE,"Jules Graindorlaan 66, 1070 Anderlecht","CHIREC - HOPITAL SARE -- Jules Graindorlaan 66, 1070 Anderlecht","c(4.31689484186574, 50.8452841)",1,1,1,2025-10-11T08:00:00Z,2025-10-11T08:18:53Z,vehicle,car,6396,1133,948,3.7131,0
21007A21-,CHIREC - HOPITAL SARE,"Jules Graindorlaan 66, 1070 Anderlecht","CHIREC - HOPITAL SARE -- Jules Graindorlaan 66, 1070 Anderlecht","c(4.31689484186574, 50.8452841)",1,1,1,2025-10-11T08:00:00Z,2025-10-11T08:17:30Z,vehicle,car,5942,1050,924,3.3932,0
21007A239,CHIREC - HOPITAL SARE,"Jules Graindorlaan 66, 1070 Anderlecht","CHIREC - HOPITAL SARE -- Jules Graindorlaan 66, 1070 Anderlecht","c(4.31689484186574, 50.8452841)",1,1,1,2025-10-11T08:00:00Z,2025-10-11T08:16:34Z,vehicle,car,5650,994,872,3.1785,0
21007A252,CHIREC - HOPITAL SARE,"Jules Graindorlaan 66, 1070 Anderlecht","CHIREC - HOPITAL SARE -- Jules Graindorlaan 66, 1070 Anderlecht","c(4.31689484186574, 50.8452841)",1,1,1,2025-10-11T08:00:00Z,2025-10-11T08:17:11Z,vehicle,car,6777,1031,895,3.5756,0
21007A291,CHIREC - HOPITAL SARE,"Jules Graindorlaan 66, 1070 Anderlecht","CHIREC - HOPITAL SARE -- Jules Graindorlaan 66, 1070 Anderlecht","c(4.31689484186574, 50.8452841)",1,1,1,2025-10-11T08:00:00Z,2025-10-11T08:16:57Z,vehicle,car,5870,1017,891,3.3286,0
21007A70-,CHIREC - HOPITAL SARE,"Jules Graindorlaan 66, 1070 Anderlecht","CHIREC - HOPITAL SARE -- Jules Graindorlaan 66, 1070 Anderlecht","c(4.31689484186574, 50.8452841)",1,1,1,2025-10-11T08:00:00Z,2025-10-11T08:16:25Z,vehicle,car,5413,985,820,2.9893,0
21007A71-,CHIREC - HOPITAL SARE,"Jules Graindorlaan 66, 1070 Anderlecht","CHIREC - HOPITAL SARE -- Jules Graindorlaan 66, 1070 Anderlecht","c(4.31689484186574, 50.8452841)",1,1,1,2025-10-11T08:00:00Z,2025-10-11T08:14:49Z,vehicle,car,5030,889,733,2.7348,0
21007A72-,CHIREC - HOPITAL SARE,"Jules Graindorlaan 66, 1070 Anderlecht","CHIREC - HOPITAL SARE -- Jules Graindorlaan 66, 1070 Anderlecht","c(4.31689484186574, 50.8452841)",1,1,1,2025-10-11T08:00:00Z,2025-10-11T08:16:43Z,vehicle,car,5429,1003,847,3.0336,0
21007A75-,CHIREC - HOPITAL SARE,"Jules Graindorlaan 66, 1070 Anderlecht","CHIREC - HOPITAL SARE -- Jules Graindorlaan 66, 1070 Anderlecht","c(4.31689484186574, 50.8452841)",1,1,1,2025-10-11T08:00:00Z,2025-10-11T08:14:48Z,vehicle,car,5323,888,773,2.7978,0
21007A814,CHIREC - HOPITAL SARE,"Jules Graindorlaan 66, 1070 Anderlecht","CHIREC - HOPITAL SARE -- Jules Graindorlaan 66, 1070 Anderlecht","c(4.31689484186574, 50.8452841)",1,1,1,2025-10-11T08:00:00Z,2025-10-11T08:14:12Z,vehicle,car,4734,852,708,2.6881,0
21010A00-,CHIREC - HOPITAL SARE,"Jules Graindorlaan 66, 1070 Anderlecht","CHIREC - HOPITAL SARE -- Jules Graindorlaan 66, 1070 Anderlecht","c(4.31689484186574, 50.8452841)",1,1,1,2025-10-11T08:00:00Z,2025-10-11T08:15:04Z,vehicle,car,5219,904,778,3.1493,0
21010A02-,CHIREC - HOPITAL SARE,"Jules Graindorlaan 66, 1070 Anderlecht","CHIREC - HOPITAL SARE -- Jules Graindorlaan 66, 1070 Anderlecht","c(4.31689484186574, 50.8452841)",1,1,1,2025-10-11T08:00:00Z,2025-10-11T08:13:31Z,vehicle,car,4739,811,700,2.7791,0
21010A03-,CHIREC - HOPITAL SARE,"Jules Graindorlaan 66, 1070 Anderlecht","CHIREC - HOPITAL SARE -- Jules Graindorlaan 66, 1070 Anderlecht","c(4.31689484186574, 50.8452841)",1,1,1,2025-10-11T08:00:00Z,2025-10-11T08:12:26Z,vehicle,car,4281,746,648,2.5511,0
21010A04-,CHIREC - HOPITAL SARE,"Jules Graindorlaan 66, 1070 Anderlecht","CHIREC - HOPITAL SARE -- Jules Graindorlaan 66, 1070 Anderlecht","c(4.31689484186574, 50.8452841)",1,1,1,2025-10-11T08:00:00Z,2025-10-11T08:12:51Z,vehicle,car,4283,771,667,2.6171,0
21010A05-,CHIREC - HOPITAL SARE,"Jules Graindorlaan 66, 1070 Anderlecht","CHIREC - HOPITAL SARE -- Jules Graindorlaan 66, 1070 Anderlecht","c(4.31689484186574, 50.8452841)",1,1,1,2025-10-11T08:00:00Z,2025-10-11T08:11:36Z,vehicle,car,3948,696,604,2.3789,0
21010A111,CHIREC - HOPITAL SARE,"Jules Graindorlaan 66, 1070 Anderlecht","CHIREC - HOPITAL SARE -- Jules Graindorlaan 66, 1070 Anderlecht","c(4.31689484186574, 50.8452841)",1,1,1,2025-10-11T08:00:00Z,2025-10-11T08:15:13Z,vehicle,car,6104,913,795,3.3787,0
21010A121,CHIREC - HOPITAL SARE,"Jules Graindorlaan 66, 1070 Anderlecht","CHIREC - HOPITAL SARE -- Jules Graindorlaan 66, 1070 Anderlecht","c(4.31689484186574, 50.8452841)",1,1,1,2025-10-11T08:00:00Z,2025-10-11T08:15:33Z,vehicle,car,5632,933,830,3.3267,0
21010A312,CHIREC - HOPITAL SARE,"Jules Graindorlaan 66, 1070 Anderlecht","CHIREC - HOPITAL SARE -- Jules Graindorlaan 66, 1070 Anderlecht","c(4.31689484186574, 50.8452841)",1,1,1,2025-10-11T08:00:00Z,2025-10-11T08:18:06Z,vehicle,car,6136,1086,945,3.7568,0
21010A393,CHIREC - HOPITAL SARE,"Jules Graindorlaan 66, 1070 Anderlecht","CHIREC - HOPITAL SARE -- Jules Graindorlaan 66, 1070 Anderlecht","c(4.31689484186574, 50.8452841)",1,1,1,2025-10-11T08:00:00Z,2025-10-11T08:16:41Z,vehicle,car,5605,1001,863,3.4579,0
21012A63-,CHIREC - HOPITAL SARE,"Jules Graindorlaan 66, 1070 Anderlecht","CHIREC - HOPITAL SARE -- Jules Graindorlaan 66, 1070 Anderlecht","c(4.31689484186574, 50.8452841)",1,1,1,2025-10-11T08:00:00Z,2025-10-11T08:11:25Z,vehicle,car,3904,685,595,2.3628,0
21013A00-,CHIREC - HOPITAL SARE,"Jules Graindorlaan 66, 1070 Anderlecht","CHIREC - HOPITAL SARE -- Jules Graindorlaan 66, 1070 Anderlecht","c(4.31689484186574, 50.8452841)",1,1,1,2025-10-11T08:00:00Z,2025-10-11T08:14:27Z,vehicle,car,4815,867,726,2.7276,0
21013A01-,CHIREC - HOPITAL SARE,"Jules Graindorlaan 66, 1070 Anderlecht","CHIREC - HOPITAL SARE -- Jules Graindorlaan 66, 1070 Anderlecht","c(4.31689484186574, 50.8452841)",1,1,1,2025-10-11T08:00:00Z,2025-10-11T08:14:33Z,vehicle,car,4807,873,734,2.7617,0
21013A04-,CHIREC - HOPITAL SARE,"Jules Graindorlaan 66, 1070 Anderlecht","CHIREC - HOPITAL SARE -- Jules Graindorlaan 66, 1070 Anderlecht","c(4.31689484186574, 50.8452841)",1,1,1,2025-10-11T08:00:00Z,2025-10-11T08:15:24Z,vehicle,car,5027,924,770,2.864,0
21013A151,CHIREC - HOPITAL SARE,"Jules Graindorlaan 66, 1070 Anderlecht","CHIREC - HOPITAL SARE -- Jules Graindorlaan 66, 1070 Anderlecht","c(4.31689484186574, 50.8452841)",1,1,1,2025-10-11T08:00:00Z,2025-10-11T08:12:51Z,vehicle,car,4202,771,640,2.5451,0
21013A51-,CHIREC - HOPITAL SARE,"Jules Graindorlaan 66, 1070 Anderlecht","CHIREC - HOPITAL SARE -- Jules Graindorlaan 66, 1070 Anderlecht","c(4.31689484186574, 50.8452841)",1,1,1,2025-10-11T08:00:00Z,2025-10-11T08:11:48Z,vehicle,car,4391,708,588,2.4722,0
21013A522,CHIREC - HOPITAL SARE,"Jules Graindorlaan 66, 1070 Anderlecht","CHIREC - HOPITAL SARE -- Jules Graindorlaan 66, 1070 Anderlecht","c(4.31689484186574, 50.8452841)",1,1,1,2025-10-11T08:00:00Z,2025-10-11T08:12:00Z,vehicle,car,4033,720,590,2.3759,0
21014A10-,CHIREC - HOPITAL SARE,"Jules Graindorlaan 66, 1070 Anderlecht","CHIREC - HOPITAL SARE -- Jules Graindorlaan 66, 1070 Anderlecht","c(4.31689484186574, 50.8452841)",1,1,1,2025-10-11T08:00:00Z,2025-10-11T08:14:17Z,vehicle,car,4721,857,741,2.8378,0
21014A12-,CHIREC - HOPITAL SARE,"Jules Graindorlaan 66, 1070 Anderlecht","CHIREC - HOPITAL SARE -- Jules Graindorlaan 66, 1070 Anderlecht","c(4.31689484186574, 50.8452841)",1,1,1,2025-10-11T08:00:00Z,2025-10-11T08:12:41Z,vehicle,car,4327,761,649,2.6998,0
21014A13-,CHIREC - HOPITAL SARE,"Jules Graindorlaan 66, 1070 Anderlecht","CHIREC - HOPITAL SARE -- Jules Graindorlaan 66, 1070 Anderlecht","c(4.31689484186574, 50.8452841)",1,1,1,2025-10-11T08:00:00Z,2025-10-11T08:12:07Z,vehicle,car,4104,727,620,2.5597,0
21014A14-,CHIREC - HOPITAL SARE,"Jules Graindorlaan 66, 1070 Anderlecht","CHIREC - HOPITAL SARE -- Jules Graindorlaan 66, 1070 Anderlecht","c(4.31689484186574, 50.8452841)",1,1,1,2025-10-11T08:00:00Z,2025-10-11T08:13:32Z,vehicle,car,4456,812,696,2.7628,0
21014A18-,CHIREC - HOPITAL SARE,"Jules Graindorlaan 66, 1070 Anderlecht","CHIREC - HOPITAL SARE -- Jules Graindorlaan 66, 1070 Anderlecht","c(4.31689484186574, 50.8452841)",1,1,1,2025-10-11T08:00:00Z,2025-10-11T08:13:33Z,vehicle,car,4673,813,692,2.8296,0
21014A2MJ,CHIREC - HOPITAL SARE,"Jules Graindorlaan 66, 1070 Anderlecht","CHIREC - HOPITAL SARE -- Jules Graindorlaan 66, 1070 Anderlecht","c(4.31689484186574, 50.8452841)",1,1,1,2025-10-11T08:00:00Z,2025-10-11T08:13:07Z,vehicle,car,4299,787,673,2.7186,0
21015A421,CHIREC - HOPITAL SARE,"Jules Graindorlaan 66, 1070 Anderlecht","CHIREC - HOPITAL SARE -- Jules Graindorlaan 66, 1070 Anderlecht","c(4.31689484186574, 50.8452841)",1,1,1,2025-10-11T08:00:00Z,2025-10-11T08:14:18Z,vehicle,car,4801,858,742,2.9419,0
21016A901,CHIREC - HOPITAL SARE,"Jules Graindorlaan 66, 1070 Anderlecht","CHIREC - HOPITAL SARE -- Jules Graindorlaan 66, 1070 Anderlecht","c(4.31689484186574, 50.8452841)",1,1,1,2025-10-11T08:00:00Z,2025-10-11T08:19:45Z,vehicle,car,6799,1185,989,4.059,0
21016A943,CHIREC - HOPITAL SARE,"Jules Graindorlaan 66, 1070 Anderlecht","CHIREC - HOPITAL SARE -- Jules Graindorlaan 66, 1070 Anderlecht","c(4.31689484186574, 50.8452841)",1,1,1,2025-10-11T08:00:00Z,2025-10-11T08:17:11Z,vehicle,car,5771,1031,858,3.2329,0
23002A01-,CHIREC - HOPITAL SARE,"Jules Graindorlaan 66, 1070 Anderlecht","CHIREC - HOPITAL SARE -- Jules Graindorlaan 66, 1070 Anderlecht","c(4.31689484186574, 50.8452841)",1,1,1,2025-10-11T08:00:00Z,2025-10-11T08:21:24Z,vehicle,car,14890,1284,1168,6.265,0
23002A02-,CHIREC - HOPITAL SARE,"Jules Graindorlaan 66, 1070 Anderlecht","CHIREC - HOPITAL SARE -- Jules Graindorlaan 66, 1070 Anderlecht","c(4.31689484186574, 50.8452841)",1,1,1,2025-10-11T08:00:00Z,2025-10-11T08:21:31Z,vehicle,car,14822,1291,1181,6.309,0
23002A030,CHIREC - HOPITAL SARE,"Jules Graindorlaan 66, 1070 Anderlecht","CHIREC - HOPITAL SARE -- Jules Graindorlaan 66, 1070 Anderlecht","c(4.31689484186574, 50.8452841)",1,1,1,2025-10-11T08:00:00Z,2025-10-11T08:22:28Z,vehicle,car,15173,1348,1233,6.5369,0
23002A100,CHIREC - HOPITAL SARE,"Jules Graindorlaan 66, 1070 Anderlecht","CHIREC - HOPITAL SARE -- Jules Graindorlaan 66, 1070 Anderlecht","c(4.31689484186574, 50.8452841)",1,1,1,2025-10-11T08:00:00Z,2025-10-11T08:19:04Z,vehicle,car,13744,1144,1065,5.6899,0
23002A112,CHIREC - HOPITAL SARE,"Jules Graindorlaan 66, 1070 Anderlecht","CHIREC - HOPITAL SARE -- Jules Graindorlaan 66, 1070 Anderlecht","c(4.31689484186574, 50.8452841)",1,1,1,2025-10-11T08:00:00Z,2025-10-11T08:19:28Z,vehicle,car,13627,1168,1093,5.7289,0
23002A123,CHIREC - HOPITAL SARE,"Jules Graindorlaan 66, 1070 Anderlecht","CHIREC - HOPITAL SARE -- Jules Graindorlaan 66, 1070 Anderlecht","c(4.31689484186574, 50.8452841)",1,1,1,2025-10-11T08:00:00Z,2025-10-11T08:15:54Z,vehicle,car,12146,954,885,4.9212,0
23002A132,CHIREC - HOPITAL SARE,"Jules Graindorlaan 66, 1070 Anderlecht","CHIREC - HOPITAL SARE -- Jules Graindorlaan 66, 1070 Anderlecht","c(4.31689484186574, 50.8452841)",1,1,1,2025-10-11T08:00:00Z,2025-10-11T08:18:45Z,vehicle,car,13773,1125,1038,5.6642,0
23002A143,CHIREC - HOPITAL SARE,"Jules Graindorlaan 66, 1070 Anderlecht","CHIREC - HOPITAL SARE -- Jules Graindorlaan 66, 1070 Anderlecht","c(4.31689484186574, 50.8452841)",1,1,1,2025-10-11T08:00:00Z,2025-10-11T08:23:06Z,vehicle,car,15271,1386,1292,6.6376,0
23002A181,CHIREC - HOPITAL SARE,"Jules Graindorlaan 66, 1070 Anderlecht","CHIREC - HOPITAL SARE -- Jules Graindorlaan 66, 1070 Anderlecht","c(4.31689484186574, 50.8452841)",1,1,1,2025-10-11T08:00:00Z,2025-10-11T08:19:42Z,vehicle,car,13539,1182,1109,5.8352,0
23002A191,CHIREC - HOPITAL SARE,"Jules Graindorlaan 66, 1070 Anderlecht","CHIREC - HOPITAL SARE -- Jules Graindorlaan 66, 1070 Anderlecht","c(4.31689484186574, 50.8452841)",1,1,1,2025-10-11T08:00:00Z,2025-10-11T08:21:01Z,vehicle,car,12134,1261,1118,5.6989,0
23002B000,CHIREC - HOPITAL SARE,"Jules Graindorlaan 66, 1070 Anderlecht","CHIREC - HOPITAL SARE -- Jules Graindorlaan 66, 1070 Anderlecht","c(4.31689484186574, 50.8452841)",1,1,1,2025-10-11T08:00:00Z,2025-10-11T08:23:39Z,vehicle,car,16447,1419,1302,7.2798,0
23002B1MA,CHIREC - HOPITAL SARE,"Jules Graindorlaan 66, 1070 Anderlecht","CHIREC - HOPITAL SARE -- Jules Graindorlaan 66, 1070 Anderlecht","c(4.31689484186574, 50.8452841)",1,1,1,2025-10-11T08:00:00Z,2025-10-11T08:22:57Z,vehicle,car,16550,1377,1279,6.9654,0
23002B1PA,CHIREC - HOPITAL SARE,"Jules Graindorlaan 66, 1070 Anderlecht","CHIREC - HOPITAL SARE -- Jules Graindorlaan 66, 1070 Anderlecht","c(4.31689484186574, 50.8452841)",1,1,1,2025-10-11T08:00:00Z,2025-10-11T08:21:52Z,vehicle,car,15342,1312,1205,6.6974,0
23002C00-,CHIREC - HOPITAL SARE,"Jules Graindorlaan 66, 1070 Anderlecht","CHIREC - HOPITAL SARE -- Jules Graindorlaan 66, 1070 Anderlecht","c(4.31689484186574, 50.8452841)",1,1,1,2025-10-11T08:00:00Z,2025-10-11T08:20:37Z,vehicle,car,13742,1237,1149,6.0618,0
23002C072,CHIREC - HOPITAL SARE,"Jules Graindorlaan 66, 1070 Anderlecht","CHIREC - HOPITAL SARE -- Jules Graindorlaan 66, 1070 Anderlecht","c(4.31689484186574, 50.8452841)",1,1,1,2025-10-11T08:00:00Z,2025-10-11T08:16:52Z,vehicle,car,11594,1012,945,4.9029,0
23002C091,CHIREC - HOPITAL SARE,"Jules Graindorlaan 66, 1070 Anderlecht","CHIREC - HOPITAL SARE -- Jules Graindorlaan 66, 1070 Anderlecht","c(4.31689484186574, 50.8452841)",1,1,1,2025-10-11T08:00:00Z,2025-10-11T08:24:55Z,vehicle,car,14558,1495,1400,6.6527,0
23002D00-,CHIREC - HOPITAL SARE,"Jules Graindorlaan 66, 1070 Anderlecht","CHIREC - HOPITAL SARE -- Jules Graindorlaan 66, 1070 Anderlecht","c(4.31689484186574, 50.8452841)",1,1,1,2025-10-11T08:00:00Z,2025-10-11T08:15:35Z,vehicle,car,10503,935,862,4.5376,0
23002D01-,CHIREC - HOPITAL SARE,"Jules Graindorlaan 66, 1070 Anderlecht","CHIREC - HOPITAL SARE -- Jules Graindorlaan 66, 1070 Anderlecht","c(4.31689484186574, 50.8452841)",1,1,1,2025-10-11T08:00:00Z,2025-10-11T08:14:22Z,vehicle,car,9750,862,797,4.1698,0
23002D022,CHIREC - HOPITAL SARE,"Jules Graindorlaan 66, 1070 Anderlecht","CHIREC - HOPITAL SARE -- Jules Graindorlaan 66, 1070 Anderlecht","c(4.31689484186574, 50.8452841)",1,1,1,2025-10-11T08:00:00Z,2025-10-11T08:14:27Z,vehicle,car,10020,867,800,4.2962,0
23002D033,CHIREC - HOPITAL SARE,"Jules Graindorlaan 66, 1070 Anderlecht","CHIREC - HOPITAL SARE -- Jules Graindorlaan 66, 1070 Anderlecht","c(4.31689484186574, 50.8452841)",1,1,1,2025-10-11T08:00:00Z,2025-10-11T08:18:12Z,vehicle,car,11829,1092,1002,5.2311,0
23002D091,CHIREC - HOPITAL SARE,"Jules Graindorlaan 66, 1070 Anderlecht","CHIREC - HOPITAL SARE -- Jules Graindorlaan 66, 1070 Anderlecht","c(4.31689484186574, 50.8452841)",1,1,1,2025-10-11T08:00:00Z,2025-10-11T08:15:56Z,vehicle,car,10642,956,883,4.5786,0
23002E042,CHIREC - HOPITAL SARE,"Jules Graindorlaan 66, 1070 Anderlecht","CHIREC - HOPITAL SARE -- Jules Graindorlaan 66, 1070 Anderlecht","c(4.31689484186574, 50.8452841)",1,1,1,2025-10-11T08:00:00Z,2025-10-11T08:14:10Z,vehicle,car,9704,850,787,4.1241,0
23002E070,CHIREC - HOPITAL SARE,"Jules Graindorlaan 66, 1070 Anderlecht","CHIREC - HOPITAL SARE -- Jules Graindorlaan 66, 1070 Anderlecht","c(4.31689484186574, 50.8452841)",1,1,1,2025-10-11T08:00:00Z,2025-10-11T08:15:48Z,vehicle,car,11179,948,883,4.6565,0
23002E081,CHIREC - HOPITAL SARE,"Jules Graindorlaan 66, 1070 Anderlecht","CHIREC - HOPITAL SARE -- Jules Graindorlaan 66, 1070 Anderlecht","c(4.31689484186574, 50.8452841)",1,1,1,2025-10-11T08:00:00Z,2025-10-11T08:16:38Z,vehicle,car,10582,998,927,4.7665,0
23002E293,CHIREC - HOPITAL SARE,"Jules Graindorlaan 66, 1070 Anderlecht","CHIREC - HOPITAL SARE -- Jules Graindorlaan 66, 1070 Anderlecht","c(4.31689484186574, 50.8452841)",1,1,1,2025-10-11T08:00:00Z,2025-10-11T08:15:53Z,vehicle,car,10920,953,895,4.61,0
23002F002,CHIREC - HOPITAL SARE,"Jules Graindorlaan 66, 1070 Anderlecht","CHIREC - HOPITAL SARE -- Jules Graindorlaan 66, 1070 Anderlecht","c(4.31689484186574, 50.8452841)",1,1,1,2025-10-11T08:00:00Z,2025-10-11T08:16:09Z,vehicle,car,11634,969,889,4.9146,0
23002F091,CHIREC - HOPITAL SARE,"Jules Graindorlaan 66, 1070 Anderlecht","CHIREC - HOPITAL SARE -- Jules Graindorlaan 66, 1070 Anderlecht","c(4.31689484186574, 50.8452841)",1,1,1,2025-10-11T08:00:00Z,2025-10-11T08:17:36Z,vehicle,car,12001,1056,971,5.1228,0
23016B09-,CHIREC - HOPITAL SARE,"Jules Graindorlaan 66, 1070 Anderlecht","CHIREC - HOPITAL SARE -- Jules Graindorlaan 66, 1070 Anderlecht","c(4.31689484186574, 50.8452841)",1,1,1,2025-10-11T08:00:00Z,2025-10-11T08:18:56Z,vehicle,car,11032,1136,1001,5.3149,0
23016C19-,CHIREC - HOPITAL SARE,"Jules Graindorlaan 66, 1070 Anderlecht","CHIREC - HOPITAL SARE -- Jules Graindorlaan 66, 1070 Anderlecht","c(4.31689484186574, 50.8452841)",1,1,1,2025-10-11T08:00:00Z,2025-10-11T08:17:25Z,vehicle,car,10876,1045,974,4.8778,0
23016F00-,CHIREC - HOPITAL SARE,"Jules Graindorlaan 66, 1070 Anderlecht","CHIREC - HOPITAL SARE -- Jules Graindorlaan 66, 1070 Anderlecht","c(4.31689484186574, 50.8452841)",1,1,1,2025-10-11T08:00:00Z,2025-10-11T08:17:22Z,vehicle,car,9113,1042,927,4.4677,0
23016F010,CHIREC - HOPITAL SARE,"Jules Graindorlaan 66, 1070 Anderlecht","CHIREC - HOPITAL SARE -- Jules Graindorlaan 66, 1070 Anderlecht","c(4.31689484186574, 50.8452841)",1,1,1,2025-10-11T08:00:00Z,2025-10-11T08:18:00Z,vehicle,car,9732,1080,955,4.7553,0
23016F022,CHIREC - HOPITAL SARE,"Jules Graindorlaan 66, 1070 Anderlecht","CHIREC - HOPITAL SARE -- Jules Graindorlaan 66, 1070 Anderlecht","c(4.31689484186574, 50.8452841)",1,1,1,2025-10-11T08:00:00Z,2025-10-11T08:18:37Z,vehicle,car,9601,1117,999,4.7133,0
23016F032,CHIREC - HOPITAL SARE,"Jules Graindorlaan 66, 1070 Anderlecht","CHIREC - HOPITAL SARE -- Jules Graindorlaan 66, 1070 Anderlecht","c(4.31689484186574, 50.8452841)",1,1,1,2025-10-11T08:00:00Z,2025-10-11T08:19:54Z,vehicle,car,10674,1194,1052,5.2129,0
23016F081,CHIREC - HOPITAL SARE,"Jules Graindorlaan 66, 1070 Anderlecht","CHIREC - HOPITAL SARE -- Jules Graindorlaan 66, 1070 Anderlecht","c(4.31689484186574, 50.8452841)",1,1,1,2025-10-11T08:00:00Z,2025-10-11T08:17:33Z,vehicle,car,9350,1053,933,4.6343,0
23016F091,CHIREC - HOPITAL SARE,"Jules Graindorlaan 66, 1070 Anderlecht","CHIREC - HOPITAL SARE -- Jules Graindorlaan 66, 1070 Anderlecht","c(4.31689484186574, 50.8452841)",1,1,1,2025-10-11T08:00:00Z,2025-10-11T08:21:02Z,vehicle,car,10937,1262,1126,5.4204,0
23016F19-,CHIREC - HOPITAL SARE,"Jules Graindorlaan 66, 1070 Anderlecht","CHIREC - HOPITAL SARE -- Jules Graindorlaan 66, 1070 Anderlecht","c(4.31689484186574, 50.8452841)",1,1,1,2025-10-11T08:00:00Z,2025-10-11T08:15:17Z,vehicle,car,8426,917,840,4.026,0
23024A00-,CHIREC - HOPITAL SARE,"Jules Graindorlaan 66, 1070 Anderlecht","CHIREC - HOPITAL SARE -- Jules Graindorlaan 66, 1070 Anderlecht","c(4.31689484186574, 50.8452841)",1,1,1,2025-10-11T08:00:00Z,2025-10-11T08:25:16Z,vehicle,car,17963,1516,1385,7.4317,0
23024A012,CHIREC - HOPITAL SARE,"Jules Graindorlaan 66, 1070 Anderlecht","CHIREC - HOPITAL SARE -- Jules Graindorlaan 66, 1070 Anderlecht","c(4.31689484186574, 50.8452841)",1,1,1,2025-10-11T08:00:00Z,2025-10-11T08:26:16Z,vehicle,car,18278,1576,1445,7.6791,0
23024A08-,CHIREC - HOPITAL SARE,"Jules Graindorlaan 66, 1070 Anderlecht","CHIREC - HOPITAL SARE -- Jules Graindorlaan 66, 1070 Anderlecht","c(4.31689484186574, 50.8452841)",1,1,1,2025-10-11T08:00:00Z,2025-10-11T08:25:20Z,vehicle,car,17781,1520,1395,7.4324,0
23024A091,CHIREC - HOPITAL SARE,"Jules Graindorlaan 66, 1070 Anderlecht","CHIREC - HOPITAL SARE -- Jules Graindorlaan 66, 1070 Anderlecht","c(4.31689484186574, 50.8452841)",1,1,1,2025-10-11T08:00:00Z,2025-10-11T08:25:49Z,vehicle,car,18120,1549,1418,7.4956,0
23024B00-,CHIREC - HOPITAL SARE,"Jules Graindorlaan 66, 1070 Anderlecht","CHIREC - HOPITAL SARE -- Jules Graindorlaan 66, 1070 Anderlecht","c(4.31689484186574, 50.8452841)",1,1,1,2025-10-11T08:00:00Z,2025-10-11T08:27:01Z,vehicle,car,19383,1621,1475,7.903,0
23024D012,CHIREC - HOPITAL SARE,"Jules Graindorlaan 66, 1070 Anderlecht","CHIREC - HOPITAL SARE -- Jules Graindorlaan 66, 1070 Anderlecht","c(4.31689484186574, 50.8452841)",1,1,1,2025-10-11T08:00:00Z,2025-10-11T08:29:15Z,vehicle,car,20861,1755,1596,8.608,0
23027A402,CHIREC - HOPITAL SARE,"Jules Graindorlaan 66, 1070 Anderlecht","CHIREC - HOPITAL SARE -- Jules Graindorlaan 66, 1070 Anderlecht","c(4.31689484186574, 50.8452841)",1,1,1,2025-10-11T08:00:00Z,2025-10-11T08:28:29Z,vehicle,car,14685,1709,1411,6.933,0
23027A491,CHIREC - HOPITAL SARE,"Jules Graindorlaan 66, 1070 Anderlecht","CHIREC - HOPITAL SARE -- Jules Graindorlaan 66, 1070 Anderlecht","c(4.31689484186574, 50.8452841)",1,1,1,2025-10-11T08:00:00Z,2025-10-11T08:28:40Z,vehicle,car,14401,1720,1424,6.8397,0
23052B00-,CHIREC - HOPITAL SARE,"Jules Graindorlaan 66, 1070 Anderlecht","CHIREC - HOPITAL SARE -- Jules Graindorlaan 66, 1070 Anderlecht","c(4.31689484186574, 50.8452841)",1,1,1,2025-10-11T08:00:00Z,2025-10-11T08:24:31Z,vehicle,car,11748,1471,1290,5.9927,0
23052B012,CHIREC - HOPITAL SARE,"Jules Graindorlaan 66, 1070 Anderlecht","CHIREC - HOPITAL SARE -- Jules Graindorlaan 66, 1070 Anderlecht","c(4.31689484186574, 50.8452841)",1,1,1,2025-10-11T08:00:00Z,2025-10-11T08:24:44Z,vehicle,car,11843,1484,1303,6.0749,0
23052B091,CHIREC - HOPITAL SARE,"Jules Graindorlaan 66, 1070 Anderlecht","CHIREC - HOPITAL SARE -- Jules Graindorlaan 66, 1070 Anderlecht","c(4.31689484186574, 50.8452841)",1,1,1,2025-10-11T08:00:00Z,2025-10-11T08:25:51Z,vehicle,car,13054,1551,1355,6.5176,0
23052B102,CHIREC - HOPITAL SARE,"Jules Graindorlaan 66, 1070 Anderlecht","CHIREC - HOPITAL SARE -- Jules Graindorlaan 66, 1070 Anderlecht","c(4.31689484186574, 50.8452841)",1,1,1,2025-10-11T08:00:00Z,2025-10-11T08:21:43Z,vehicle,car,10638,1303,1136,5.4541,0
23052B191,CHIREC - HOPITAL SARE,"Jules Graindorlaan 66, 1070 Anderlecht","CHIREC - HOPITAL SARE -- Jules Graindorlaan 66, 1070 Anderlecht","c(4.31689484186574, 50.8452841)",1,1,1,2025-10-11T08:00:00Z,2025-10-11T08:24:42Z,vehicle,car,11664,1482,1310,6.0256,0
23052B29-,CHIREC - HOPITAL SARE,"Jules Graindorlaan 66, 1070 Anderlecht","CHIREC - HOPITAL SARE -- Jules Graindorlaan 66, 1070 Anderlecht","c(4.31689484186574, 50.8452841)",1,1,1,2025-10-11T08:00:00Z,2025-10-11T08:23:26Z,vehicle,car,15645,1406,1299,7.0055,0
23052C00-,CHIREC - HOPITAL SARE,"Jules Graindorlaan 66, 1070 Anderlecht","CHIREC - HOPITAL SARE -- Jules Graindorlaan 66, 1070 Anderlecht","c(4.31689484186574, 50.8452841)",1,1,1,2025-10-11T08:00:00Z,2025-10-11T08:23:03Z,vehicle,car,10765,1383,1217,5.652,0
23064A000,CHIREC - HOPITAL SARE,"Jules Graindorlaan 66, 1070 Anderlecht","CHIREC - HOPITAL SARE -- Jules Graindorlaan 66, 1070 Anderlecht","c(4.31689484186574, 50.8452841)",1,1,1,2025-10-11T08:00:00Z,2025-10-11T08:26:43Z,vehicle,car,17185,1603,1447,7.5717,0
23064A090,CHIREC - HOPITAL SARE,"Jules Graindorlaan 66, 1070 Anderlecht","CHIREC - HOPITAL SARE -- Jules Graindorlaan 66, 1070 Anderlecht","c(4.31689484186574, 50.8452841)",1,1,1,2025-10-11T08:00:00Z,2025-10-11T08:25:31Z,vehicle,car,16568,1531,1383,7.3434,0
23064A19-,CHIREC - HOPITAL SARE,"Jules Graindorlaan 66, 1070 Anderlecht","CHIREC - HOPITAL SARE -- Jules Graindorlaan 66, 1070 Anderlecht","c(4.31689484186574, 50.8452841)",1,1,1,2025-10-11T08:00:00Z,2025-10-11T08:28:47Z,vehicle,car,21874,1727,1566,9.0445,0
23064D002,CHIREC - HOPITAL SARE,"Jules Graindorlaan 66, 1070 Anderlecht","CHIREC - HOPITAL SARE -- Jules Graindorlaan 66, 1070 Anderlecht","c(4.31689484186574, 50.8452841)",1,1,1,2025-10-11T08:00:00Z,2025-10-11T08:30:21Z,vehicle,car,19777,1821,1642,8.7234,0
23064E002,CHIREC - HOPITAL SARE,"Jules Graindorlaan 66, 1070 Anderlecht","CHIREC - HOPITAL SARE -- Jules Graindorlaan 66, 1070 Anderlecht","c(4.31689484186574, 50.8452841)",1,1,1,2025-10-11T08:00:00Z,2025-10-11T08:30:17Z,vehicle,car,20256,1817,1641,8.6486,0
23077A001,CHIREC - HOPITAL SARE,"Jules Graindorlaan 66, 1070 Anderlecht","CHIREC - HOPITAL SARE -- Jules Graindorlaan 66, 1070 Anderlecht","c(4.31689484186574, 50.8452841)",1,1,1,2025-10-11T08:00:00Z,2025-10-11T08:21:54Z,vehicle,car,10587,1314,1117,5.2813,0
23077A012,CHIREC - HOPITAL SARE,"Jules Graindorlaan 66, 1070 Anderlecht","CHIREC - HOPITAL SARE -- Jules Graindorlaan 66, 1070 Anderlecht","c(4.31689484186574, 50.8452841)",1,1,1,2025-10-11T08:00:00Z,2025-10-11T08:20:20Z,vehicle,car,9875,1220,1032,4.9433,0
23077A09-,CHIREC - HOPITAL SARE,"Jules Graindorlaan 66, 1070 Anderlecht","CHIREC - HOPITAL SARE -- Jules Graindorlaan 66, 1070 Anderlecht","c(4.31689484186574, 50.8452841)",1,1,1,2025-10-11T08:00:00Z,2025-10-11T08:23:40Z,vehicle,car,11100,1420,1222,5.5419,0
23077A30-,CHIREC - HOPITAL SARE,"Jules Graindorlaan 66, 1070 Anderlecht","CHIREC - HOPITAL SARE -- Jules Graindorlaan 66, 1070 Anderlecht","c(4.31689484186574, 50.8452841)",1,1,1,2025-10-11T08:00:00Z,2025-10-11T08:20:10Z,vehicle,car,8115,1210,1001,4.5025,0
23077A31-,CHIREC - HOPITAL SARE,"Jules Graindorlaan 66, 1070 Anderlecht","CHIREC - HOPITAL SARE -- Jules Graindorlaan 66, 1070 Anderlecht","c(4.31689484186574, 50.8452841)",1,1,1,2025-10-11T08:00:00Z,2025-10-11T08:17:45Z,vehicle,car,9115,1065,933,4.4326,0
23077B002,CHIREC - HOPITAL SARE,"Jules Graindorlaan 66, 1070 Anderlecht","CHIREC - HOPITAL SARE -- Jules Graindorlaan 66, 1070 Anderlecht","c(4.31689484186574, 50.8452841)",1,1,1,2025-10-11T08:00:00Z,2025-10-11T08:23:00Z,vehicle,car,13996,1380,1250,6.4506,0
23077B091,CHIREC - HOPITAL SARE,"Jules Graindorlaan 66, 1070 Anderlecht","CHIREC - HOPITAL SARE -- Jules Graindorlaan 66, 1070 Anderlecht","c(4.31689484186574, 50.8452841)",1,1,1,2025-10-11T08:00:00Z,2025-10-11T08:24:15Z,vehicle,car,14476,1455,1325,6.6526,0
23086A00-,CHIREC - HOPITAL SARE,"Jules Graindorlaan 66, 1070 Anderlecht","CHIREC - HOPITAL SARE -- Jules Graindorlaan 66, 1070 Anderlecht","c(4.31689484186574, 50.8452841)",1,1,1,2025-10-11T08:00:00Z,2025-10-11T08:19:08Z,vehicle,car,16226,1148,1050,7.0589,0
23086A010,CHIREC - HOPITAL SARE,"Jules Graindorlaan 66, 1070 Anderlecht","CHIREC - HOPITAL SARE -- Jules Graindorlaan 66, 1070 Anderlecht","c(4.31689484186574, 50.8452841)",1,1,1,2025-10-11T08:00:00Z,2025-10-11T08:19:07Z,vehicle,car,16316,1147,1046,7.0645,0
23086A022,CHIREC - HOPITAL SARE,"Jules Graindorlaan 66, 1070 Anderlecht","CHIREC - HOPITAL SARE -- Jules Graindorlaan 66, 1070 Anderlecht","c(4.31689484186574, 50.8452841)",1,1,1,2025-10-11T08:00:00Z,2025-10-11T08:19:55Z,vehicle,car,16709,1195,1094,7.2632,0
23086A032,CHIREC - HOPITAL SARE,"Jules Graindorlaan 66, 1070 Anderlecht","CHIREC - HOPITAL SARE -- Jules Graindorlaan 66, 1070 Anderlecht","c(4.31689484186574, 50.8452841)",1,1,1,2025-10-11T08:00:00Z,2025-10-11T08:20:48Z,vehicle,car,16463,1248,1131,7.3124,0
23086A081,CHIREC - HOPITAL SARE,"Jules Graindorlaan 66, 1070 Anderlecht","CHIREC - HOPITAL SARE -- Jules Graindorlaan 66, 1070 Anderlecht","c(4.31689484186574, 50.8452841)",1,1,1,2025-10-11T08:00:00Z,2025-10-11T08:19:42Z,vehicle,car,11134,1182,1043,5.2705,0
23086A091,CHIREC - HOPITAL SARE,"Jules Graindorlaan 66, 1070 Anderlecht","CHIREC - HOPITAL SARE -- Jules Graindorlaan 66, 1070 Anderlecht","c(4.31689484186574, 50.8452841)",1,1,1,2025-10-11T08:00:00Z,2025-10-11T08:20:30Z,vehicle,car,11889,1230,1087,5.7103,0
23086A100,CHIREC - HOPITAL SARE,"Jules Graindorlaan 66, 1070 Anderlecht","CHIREC - HOPITAL SARE -- Jules Graindorlaan 66, 1070 Anderlecht","c(4.31689484186574, 50.8452841)",1,1,1,2025-10-11T08:00:00Z,2025-10-11T08:18:49Z,vehicle,car,15865,1129,1023,6.9465,0
23097A413,CHIREC - HOPITAL SARE,"Jules Graindorlaan 66, 1070 Anderlecht","CHIREC - HOPITAL SARE -- Jules Graindorlaan 66, 1070 Anderlecht","c(4.31689484186574, 50.8452841)",1,1,1,2025-10-11T08:00:00Z,2025-10-11T08:24:53Z,vehicle,car,16872,1493,1370,6.9737,0
23097B002,CHIREC - HOPITAL SARE,"Jules Graindorlaan 66, 1070 Anderlecht","CHIREC - HOPITAL SARE -- Jules Graindorlaan 66, 1070 Anderlecht","c(4.31689484186574, 50.8452841)",1,1,1,2025-10-11T08:00:00Z,2025-10-11T08:22:46Z,vehicle,car,14837,1366,1242,6.459,0
23098A0MS,CHIREC - HOPITAL SARE,"Jules Graindorlaan 66, 1070 Anderlecht","CHIREC - HOPITAL SARE -- Jules Graindorlaan 66, 1070 Anderlecht","c(4.31689484186574, 50.8452841)",1,1,1,2025-10-11T08:00:00Z,2025-10-11T08:13:22Z,vehicle,car,6054,802,698,3.1607,0
23102A033,CHIREC - HOPITAL SARE,"Jules Graindorlaan 66, 1070 Anderlecht","CHIREC - HOPITAL SARE -- Jules Graindorlaan 66, 1070 Anderlecht","c(4.31689484186574, 50.8452841)",1,1,1,2025-10-11T08:00:00Z,2025-10-11T08:17:39Z,vehicle,car,11819,1059,965,5.1828,0
23102A044,CHIREC - HOPITAL SARE,"Jules Graindorlaan 66, 1070 Anderlecht","CHIREC - HOPITAL SARE -- Jules Graindorlaan 66, 1070 Anderlecht","c(4.31689484186574, 50.8452841)",1,1,1,2025-10-11T08:00:00Z,2025-10-11T08:21:15Z,vehicle,car,9495,1275,1114,5.079,0
23102A091,CHIREC - HOPITAL SARE,"Jules Graindorlaan 66, 1070 Anderlecht","CHIREC - HOPITAL SARE -- Jules Graindorlaan 66, 1070 Anderlecht","c(4.31689484186574, 50.8452841)",1,1,1,2025-10-11T08:00:00Z,2025-10-11T08:18:39Z,vehicle,car,12126,1119,1025,5.3314,0
23102A21-,CHIREC - HOPITAL SARE,"Jules Graindorlaan 66, 1070 Anderlecht","CHIREC - HOPITAL SARE -- Jules Graindorlaan 66, 1070 Anderlecht","c(4.31689484186574, 50.8452841)",1,1,1,2025-10-11T08:00:00Z,2025-10-11T08:12:45Z,vehicle,car,10533,765,706,4.2312,0
23104A00-,CHIREC - HOPITAL SARE,"Jules Graindorlaan 66, 1070 Anderlecht","CHIREC - HOPITAL SARE -- Jules Graindorlaan 66, 1070 Anderlecht","c(4.31689484186574, 50.8452841)",1,1,1,2025-10-11T08:00:00Z,2025-10-11T08:23:12Z,vehicle,car,15067,1392,1275,6.4537,0
23104A023,CHIREC - HOPITAL SARE,"Jules Graindorlaan 66, 1070 Anderlecht","CHIREC - HOPITAL SARE -- Jules Graindorlaan 66, 1070 Anderlecht","c(4.31689484186574, 50.8452841)",1,1,1,2025-10-11T08:00:00Z,2025-10-11T08:24:20Z,vehicle,car,17367,1460,1332,7.1452,0
23104A034,CHIREC - HOPITAL SARE,"Jules Graindorlaan 66, 1070 Anderlecht","CHIREC - HOPITAL SARE -- Jules Graindorlaan 66, 1070 Anderlecht","c(4.31689484186574, 50.8452841)",1,1,1,2025-10-11T08:00:00Z,2025-10-11T08:27:12Z,vehicle,car,16584,1632,1502,7.3779,0
23104A091,CHIREC - HOPITAL SARE,"Jules Graindorlaan 66, 1070 Anderlecht","CHIREC - HOPITAL SARE -- Jules Graindorlaan 66, 1070 Anderlecht","c(4.31689484186574, 50.8452841)",1,1,1,2025-10-11T08:00:00Z,2025-10-11T08:24:49Z,vehicle,car,15758,1489,1360,6.9432,0
23104A10-,CHIREC - HOPITAL SARE,"Jules Graindorlaan 66, 1070 Anderlecht","CHIREC - HOPITAL SARE -- Jules Graindorlaan 66, 1070 Anderlecht","c(4.31689484186574, 50.8452841)",1,1,1,2025-10-11T08:00:00Z,2025-10-11T08:19:44Z,vehicle,car,13080,1184,1081,5.5357,0
23104A11-,CHIREC - HOPITAL SARE,"Jules Graindorlaan 66, 1070 Anderlecht","CHIREC - HOPITAL SARE -- Jules Graindorlaan 66, 1070 Anderlecht","c(4.31689484186574, 50.8452841)",1,1,1,2025-10-11T08:00:00Z,2025-10-11T08:23:00Z,vehicle,car,15014,1380,1267,6.2635,0
23104A191,CHIREC - HOPITAL SARE,"Jules Graindorlaan 66, 1070 Anderlecht","CHIREC - HOPITAL SARE -- Jules Graindorlaan 66, 1070 Anderlecht","c(4.31689484186574, 50.8452841)",1,1,1,2025-10-11T08:00:00Z,2025-10-11T08:21:17Z,vehicle,car,13904,1277,1169,5.8038,0
23104B00-,CHIREC - HOPITAL SARE,"Jules Graindorlaan 66, 1070 Anderlecht","CHIREC - HOPITAL SARE -- Jules Graindorlaan 66, 1070 Anderlecht","c(4.31689484186574, 50.8452841)",1,1,1,2025-10-11T08:00:00Z,2025-10-11T08:21:44Z,vehicle,car,13616,1304,1188,5.9864,0
23104B091,CHIREC - HOPITAL SARE,"Jules Graindorlaan 66, 1070 Anderlecht","CHIREC - HOPITAL SARE -- Jules Graindorlaan 66, 1070 Anderlecht","c(4.31689484186574, 50.8452841)",1,1,1,2025-10-11T08:00:00Z,2025-10-11T08:21:13Z,vehicle,car,13166,1273,1161,5.8239,0
23027A02-,CHIREC - HOPITAL SARE,"RUE WAYEZ 35, 1420, BRAINE-L'ALLEUD","CHIREC - HOPITAL SARE -- RUE WAYEZ 35, 1420, BRAINE-L'ALLEUD","c(4.36759047644878, 50.6844807)",1,1,1,2025-10-11T08:00:00Z,2025-10-11T08:23:28Z,vehicle,car,18173,1408,1271,7.8477,0
23027A042,CHIREC - HOPITAL SARE,"RUE WAYEZ 35, 1420, BRAINE-L'ALLEUD","CHIREC - HOPITAL SARE -- RUE WAYEZ 35, 1420, BRAINE-L'ALLEUD","c(4.36759047644878, 50.6844807)",1,1,1,2025-10-11T08:00:00Z,2025-10-11T08:24:17Z,vehicle,car,18819,1457,1317,8.115,0
23027A483,CHIREC - HOPITAL SARE,"RUE WAYEZ 35, 1420, BRAINE-L'ALLEUD","CHIREC - HOPITAL SARE -- RUE WAYEZ 35, 1420, BRAINE-L'ALLEUD","c(4.36759047644878, 50.6844807)",1,1,1,2025-10-11T08:00:00Z,2025-10-11T08:26:09Z,vehicle,car,20447,1569,1438,8.861,0
23027B02-,CHIREC - HOPITAL SARE,"RUE WAYEZ 35, 1420, BRAINE-L'ALLEUD","CHIREC - HOPITAL SARE -- RUE WAYEZ 35, 1420, BRAINE-L'ALLEUD","c(4.36759047644878, 50.6844807)",1,1,1,2025-10-11T08:00:00Z,2025-10-11T08:17:46Z,vehicle,car,15313,1066,977,6.5627,0
23033A191,CHIREC - HOPITAL SARE,"RUE WAYEZ 35, 1420, BRAINE-L'ALLEUD","CHIREC - HOPITAL SARE -- RUE WAYEZ 35, 1420, BRAINE-L'ALLEUD","c(4.36759047644878, 50.6844807)",1,1,1,2025-10-11T08:00:00Z,2025-10-11T08:16:59Z,vehicle,car,14790,1019,925,6.3442,0
23062A30-,CHIREC - HOPITAL SARE,"RUE WAYEZ 35, 1420, BRAINE-L'ALLEUD","CHIREC - HOPITAL SARE -- RUE WAYEZ 35, 1420, BRAINE-L'ALLEUD","c(4.36759047644878, 50.6844807)",1,1,1,2025-10-11T08:00:00Z,2025-10-11T08:24:48Z,vehicle,car,15143,1488,1300,6.8001,0
23062A302,CHIREC - HOPITAL SARE,"RUE WAYEZ 35, 1420, BRAINE-L'ALLEUD","CHIREC - HOPITAL SARE -- RUE WAYEZ 35, 1420, BRAINE-L'ALLEUD","c(4.36759047644878, 50.6844807)",1,1,1,2025-10-11T08:00:00Z,2025-10-11T08:24:54Z,vehicle,car,15028,1494,1300,6.783,0
23064A29-,CHIREC - HOPITAL SARE,"RUE WAYEZ 35, 1420, BRAINE-L'ALLEUD","CHIREC - HOPITAL SARE -- RUE WAYEZ 35, 1420, BRAINE-L'ALLEUD","c(4.36759047644878, 50.6844807)",1,1,1,2025-10-11T08:00:00Z,2025-10-11T08:29:17Z,vehicle,car,24550,1757,1608,10.2675,0
23064A39-,CHIREC - HOPITAL SARE,"RUE WAYEZ 35, 1420, BRAINE-L'ALLEUD","CHIREC - HOPITAL SARE -- RUE WAYEZ 35, 1420, BRAINE-L'ALLEUD","c(4.36759047644878, 50.6844807)",1,1,1,2025-10-11T08:00:00Z,2025-10-11T08:29:30Z,vehicle,car,26168,1770,1623,10.6728,0
23064C002,CHIREC - HOPITAL SARE,"RUE WAYEZ 35, 1420, BRAINE-L'ALLEUD","CHIREC - HOPITAL SARE -- RUE WAYEZ 35, 1420, BRAINE-L'ALLEUD","c(4.36759047644878, 50.6844807)",1,1,1,2025-10-11T08:00:00Z,2025-10-11T08:27:50Z,vehicle,car,23991,1670,1522,9.9685,0
23064D091,CHIREC - HOPITAL SARE,"RUE WAYEZ 35, 1420, BRAINE-L'ALLEUD","CHIREC - HOPITAL SARE -- RUE WAYEZ 35, 1420, BRAINE-L'ALLEUD","c(4.36759047644878, 50.6844807)",1,1,1,2025-10-11T08:00:00Z,2025-10-11T08:25:48Z,vehicle,car,23310,1548,1424,9.525,0
23064E091,CHIREC - HOPITAL SARE,"RUE WAYEZ 35, 1420, BRAINE-L'ALLEUD","CHIREC - HOPITAL SARE -- RUE WAYEZ 35, 1420, BRAINE-L'ALLEUD","c(4.36759047644878, 50.6844807)",1,1,1,2025-10-11T08:00:00Z,2025-10-11T08:28:16Z,vehicle,car,25286,1696,1556,10.2685,0
25018A000,CHIREC - HOPITAL SARE,"RUE WAYEZ 35, 1420, BRAINE-L'ALLEUD","CHIREC - HOPITAL SARE -- RUE WAYEZ 35, 1420, BRAINE-L'ALLEUD","c(4.36759047644878, 50.6844807)",1,1,1,2025-10-11T08:00:00Z,2025-10-11T08:36:31Z,vehicle,car,36365,2191,2008,14.992,0
25018A082,CHIREC - HOPITAL SARE,"RUE WAYEZ 35, 1420, BRAINE-L'ALLEUD","CHIREC - HOPITAL SARE -- RUE WAYEZ 35, 1420, BRAINE-L'ALLEUD","c(4.36759047644878, 50.6844807)",1,1,1,2025-10-11T08:00:00Z,2025-10-11T08:37:55Z,vehicle,car,35896,2275,2086,14.9803,0
25018A085,CHIREC - HOPITAL SARE,"RUE WAYEZ 35, 1420, BRAINE-L'ALLEUD","CHIREC - HOPITAL SARE -- RUE WAYEZ 35, 1420, BRAINE-L'ALLEUD","c(4.36759047644878, 50.6844807)",1,1,1,2025-10-11T08:00:00Z,2025-10-11T08:35:17Z,vehicle,car,34694,2117,1932,14.3045,0
25018A10-,CHIREC - HOPITAL SARE,"RUE WAYEZ 35, 1420, BRAINE-L'ALLEUD","CHIREC - HOPITAL SARE -- RUE WAYEZ 35, 1420, BRAINE-L'ALLEUD","c(4.36759047644878, 50.6844807)",1,1,1,2025-10-11T08:00:00Z,2025-10-11T08:32:47Z,vehicle,car,33778,1967,1791,13.982,0
25018A110,CHIREC - HOPITAL SARE,"RUE WAYEZ 35, 1420, BRAINE-L'ALLEUD","CHIREC - HOPITAL SARE -- RUE WAYEZ 35, 1420, BRAINE-L'ALLEUD","c(4.36759047644878, 50.6844807)",1,1,1,2025-10-11T08:00:00Z,2025-10-11T08:35:03Z,vehicle,car,34721,2103,1910,14.4842,0
25018A120,CHIREC - HOPITAL SARE,"RUE WAYEZ 35, 1420, BRAINE-L'ALLEUD","CHIREC - HOPITAL SARE -- RUE WAYEZ 35, 1420, BRAINE-L'ALLEUD","c(4.36759047644878, 50.6844807)",1,1,1,2025-10-11T08:00:00Z,2025-10-11T08:35:20Z,vehicle,car,34709,2120,1935,14.3443,0
25018A133,CHIREC - HOPITAL SARE,"RUE WAYEZ 35, 1420, BRAINE-L'ALLEUD","CHIREC - HOPITAL SARE -- RUE WAYEZ 35, 1420, BRAINE-L'ALLEUD","c(4.36759047644878, 50.6844807)",1,1,1,2025-10-11T08:00:00Z,2025-10-11T08:33:31Z,vehicle,car,34246,2011,1834,14.0105,0
25018A144,CHIREC - HOPITAL SARE,"RUE WAYEZ 35, 1420, BRAINE-L'ALLEUD","CHIREC - HOPITAL SARE -- RUE WAYEZ 35, 1420, BRAINE-L'ALLEUD","c(4.36759047644878, 50.6844807)",1,1,1,2025-10-11T08:00:00Z,2025-10-11T08:33:57Z,vehicle,car,34337,2037,1862,14.1335,0
25018A182,CHIREC - HOPITAL SARE,"RUE WAYEZ 35, 1420, BRAINE-L'ALLEUD","CHIREC - HOPITAL SARE -- RUE WAYEZ 35, 1420, BRAINE-L'ALLEUD","c(4.36759047644878, 50.6844807)",1,1,1,2025-10-11T08:00:00Z,2025-10-11T08:35:29Z,vehicle,car,35283,2129,1950,14.4176,0
25018E000,CHIREC - HOPITAL SARE,"RUE WAYEZ 35, 1420, BRAINE-L'ALLEUD","CHIREC - HOPITAL SARE -- RUE WAYEZ 35, 1420, BRAINE-L'ALLEUD","c(4.36759047644878, 50.6844807)",1,1,1,2025-10-11T08:00:00Z,2025-10-11T08:35:13Z,vehicle,car,38996,2113,1932,16.0464,0
25018E02-,CHIREC - HOPITAL SARE,"RUE WAYEZ 35, 1420, BRAINE-L'ALLEUD","CHIREC - HOPITAL SARE -- RUE WAYEZ 35, 1420, BRAINE-L'ALLEUD","c(4.36759047644878, 50.6844807)",1,1,1,2025-10-11T08:00:00Z,2025-10-11T08:36:16Z,vehicle,car,39416,2176,1996,16.1969,0
25018E081,CHIREC - HOPITAL SARE,"RUE WAYEZ 35, 1420, BRAINE-L'ALLEUD","CHIREC - HOPITAL SARE -- RUE WAYEZ 35, 1420, BRAINE-L'ALLEUD","c(4.36759047644878, 50.6844807)",1,1,1,2025-10-11T08:00:00Z,2025-10-11T08:40:07Z,vehicle,car,41041,2407,2222,17.1561,0
25018E091,CHIREC - HOPITAL SARE,"RUE WAYEZ 35, 1420, BRAINE-L'ALLEUD","CHIREC - HOPITAL SARE -- RUE WAYEZ 35, 1420, BRAINE-L'ALLEUD","c(4.36759047644878, 50.6844807)",1,1,1,2025-10-11T08:00:00Z,2025-10-11T08:34:39Z,vehicle,car,38438,2079,1902,15.4911,0
25037A41-,CHIREC - HOPITAL SARE,"RUE WAYEZ 35, 1420, BRAINE-L'ALLEUD","CHIREC - HOPITAL SARE -- RUE WAYEZ 35, 1420, BRAINE-L'ALLEUD","c(4.36759047644878, 50.6844807)",1,1,1,2025-10-11T08:00:00Z,2025-10-11T08:35:33Z,vehicle,car,38488,2133,1959,15.512,0
25105D00-,CHIREC - HOPITAL SARE,"RUE WAYEZ 35, 1420, BRAINE-L'ALLEUD","CHIREC - HOPITAL SARE -- RUE WAYEZ 35, 1420, BRAINE-L'ALLEUD","c(4.36759047644878, 50.6844807)",1,1,1,2025-10-11T08:00:00Z,2025-10-11T08:23:45Z,vehicle,car,21830,1425,1321,8.7879,0
25107A022,CHIREC - HOPITAL SARE,"RUE WAYEZ 35, 1420, BRAINE-L'ALLEUD","CHIREC - HOPITAL SARE -- RUE WAYEZ 35, 1420, BRAINE-L'ALLEUD","c(4.36759047644878, 50.6844807)",1,1,1,2025-10-11T08:00:00Z,2025-10-11T08:30:27Z,vehicle,car,22614,1827,1652,9.392,0
25107B310,CHIREC - HOPITAL SARE,"RUE WAYEZ 35, 1420, BRAINE-L'ALLEUD","CHIREC - HOPITAL SARE -- RUE WAYEZ 35, 1420, BRAINE-L'ALLEUD","c(4.36759047644878, 50.6844807)",1,1,1,2025-10-11T08:00:00Z,2025-10-11T08:31:40Z,vehicle,car,23049,1900,1723,9.5681,0
25107C00-,CHIREC - HOPITAL SARE,"RUE WAYEZ 35, 1420, BRAINE-L'ALLEUD","CHIREC - HOPITAL SARE -- RUE WAYEZ 35, 1420, BRAINE-L'ALLEUD","c(4.36759047644878, 50.6844807)",1,1,1,2025-10-11T08:00:00Z,2025-10-11T08:30:33Z,vehicle,car,23359,1833,1640,9.7309,0
25107C09-,CHIREC - HOPITAL SARE,"RUE WAYEZ 35, 1420, BRAINE-L'ALLEUD","CHIREC - HOPITAL SARE -- RUE WAYEZ 35, 1420, BRAINE-L'ALLEUD","c(4.36759047644878, 50.6844807)",1,1,1,2025-10-11T08:00:00Z,2025-10-11T08:30:59Z,vehicle,car,23660,1859,1663,9.8203,0
25117C00-,CHIREC - HOPITAL SARE,"RUE WAYEZ 35, 1420, BRAINE-L'ALLEUD","CHIREC - HOPITAL SARE -- RUE WAYEZ 35, 1420, BRAINE-L'ALLEUD","c(4.36759047644878, 50.6844807)",1,1,1,2025-10-11T08:00:00Z,2025-10-11T08:36:30Z,vehicle,car,27909,2190,1962,11.5929,0
25123B00-,CHIREC - HOPITAL SARE,"RUE WAYEZ 35, 1420, BRAINE-L'ALLEUD","CHIREC - HOPITAL SARE -- RUE WAYEZ 35, 1420, BRAINE-L'ALLEUD","c(4.36759047644878, 50.6844807)",1,1,1,2025-10-11T08:00:00Z,2025-10-11T08:25:12Z,vehicle,car,26472,1512,1407,10.752,0
